sample_id,accession,study,bioproject_accession,biosample_accession,library_id,title,library_strategy,library_source,library_selection,library_layout,platform,instrument_model,design_description,filetype,shear_method,size_selection,basecaller,basecaller_version,polymerase_version,seq_plate_chemistry_version,generator_facility,generator_contact,filename,total_reads,total_bp,total_gbp,min,max,mean,quartile_25,quartile_50,quartile_75,n25,n50,n75,path,production,data_type,notes,coverage,ntsm_score
HG00099,SRR26545347,SRP305758,PRJNA701308,SAMN33758778,PG00099_1.HFSS_dc,PacBio HiFi sequencing of HG00099 rebasecalled with DeepConsensus v1.2,WGS,GENOMIC,size fractionation,single,PACBIO_SMRT,Sequel II,HiFi sequencing of 20kb fractionated gDNA,fastq,Megaruptor 3,PippinHT,deepconsensus,1.2,P2,C2,University of Washington,kmiyamot@uw.edu,HG00099.m54329U_220825_174247.dc.q20.fastq.gz,2687625,56102007798,56.1,107,64413,20874,17762,20158,23398,18348,21041,24496,s3://human-pangenomics/working/HPRC/HG00099/raw_data/PacBio_HiFi/deepconsensus/v1pt2/HG00099.m54329U_220825_174247.dc.q20.fastq.gz,HPRC_DEEPCONSENSUS_v1pt2_2023_08_q20,unaligned reads,,18.1,
HG00099,SRR26545347,SRP305758,PRJNA701308,SAMN33758778,PG00099_1.HFSS_dc,PacBio HiFi sequencing of HG00099 rebasecalled with DeepConsensus v1.2,WGS,GENOMIC,size fractionation,single,PACBIO_SMRT,Sequel II,HiFi sequencing of 20kb fractionated gDNA,fastq,Megaruptor 3,PippinHT,deepconsensus,1.2,P2,C2,University of Washington,kmiyamot@uw.edu,HG00099.m54329U_220827_143814.dc.q20.fastq.gz,2643186,52918724515,52.92,345,62341,20020,17277,19348,22242,17731,20061,23169,s3://human-pangenomics/working/HPRC/HG00099/raw_data/PacBio_HiFi/deepconsensus/v1pt2/HG00099.m54329U_220827_143814.dc.q20.fastq.gz,HPRC_DEEPCONSENSUS_v1pt2_2023_08_q20,unaligned reads,,17.07,
HG00099,SRR26545347,SRP305758,PRJNA701308,SAMN33758778,PG00099_1.HFSS_dc,PacBio HiFi sequencing of HG00099 rebasecalled with DeepConsensus v1.2,WGS,GENOMIC,size fractionation,single,PACBIO_SMRT,Sequel II,HiFi sequencing of 20kb fractionated gDNA,fastq,Megaruptor 3,PippinHT,deepconsensus,1.2,P2,C2,University of Washington,kmiyamot@uw.edu,HG00099.m54329U_220829_095708.dc.q20.fastq.gz,2866917,57539149577,57.54,138,59992,20070,17309,19403,22315,17772,20126,23248,s3://human-pangenomics/working/HPRC/HG00099/raw_data/PacBio_HiFi/deepconsensus/v1pt2/HG00099.m54329U_220829_095708.dc.q20.fastq.gz,HPRC_DEEPCONSENSUS_v1pt2_2023_08_q20,unaligned reads,,18.56,
HG00140,SRR26545346,SRP305758,PRJNA701308,SAMN33621941,HG00140_lib1_dc,PacBio HiFi sequencing of HG00140 rebasecalled with DeepConsensus v1.2,WGS,GENOMIC,size fractionation,single,PACBIO_SMRT,Sequel II,HiFi sequencing of 20kb fractionated gDNA,fastq,Megaruptor 3,PippinHT,deepconsensus,1.2,P2,C2,University of Washington,kmiyamot@uw.edu,HG00140.m64043_220728_173215.dc.q20.fastq.gz,572695,11345594738,11.35,117,55287,19810,17863,19392,21297,18143,19752,21783,s3://human-pangenomics/working/HPRC/HG00140/raw_data/PacBio_HiFi/deepconsensus/v1pt2/HG00140.m64043_220728_173215.dc.q20.fastq.gz,HPRC_DEEPCONSENSUS_v1pt2_2023_08_q20,unaligned reads,,3.66,
HG00140,SRR26545346,SRP305758,PRJNA701308,SAMN33621941,HG00140_lib1_dc,PacBio HiFi sequencing of HG00140 rebasecalled with DeepConsensus v1.2,WGS,GENOMIC,size fractionation,single,PACBIO_SMRT,Sequel II,HiFi sequencing of 20kb fractionated gDNA,fastq,Megaruptor 3,PippinHT,deepconsensus,1.2,P2,C2,University of Washington,kmiyamot@uw.edu,HG00140.m64136_220715_182717.dc.q20.fastq.gz,1674999,36918329655,36.92,400,72795,22040,18583,20827,24430,19133,21796,26100,s3://human-pangenomics/working/HPRC/HG00140/raw_data/PacBio_HiFi/deepconsensus/v1pt2/HG00140.m64136_220715_182717.dc.q20.fastq.gz,HPRC_DEEPCONSENSUS_v1pt2_2023_08_q20,unaligned reads,,11.91,
HG00140,SRR26545346,SRP305758,PRJNA701308,SAMN33621941,HG00140_lib1_dc,PacBio HiFi sequencing of HG00140 rebasecalled with DeepConsensus v1.2,WGS,GENOMIC,size fractionation,single,PACBIO_SMRT,Sequel II,HiFi sequencing of 20kb fractionated gDNA,fastq,Megaruptor 3,PippinHT,deepconsensus,1.2,P2,C2,University of Washington,kmiyamot@uw.edu,HG00140.m64136_220717_152248.dc.q20.fastq.gz,1777227,39196212009,39.2,294,68287,22054,18584,20825,24451,19136,21799,26138,s3://human-pangenomics/working/HPRC/HG00140/raw_data/PacBio_HiFi/deepconsensus/v1pt2/HG00140.m64136_220717_152248.dc.q20.fastq.gz,HPRC_DEEPCONSENSUS_v1pt2_2023_08_q20,unaligned reads,,12.64,
HG00140,SRR26545346,SRP305758,PRJNA701308,SAMN33621941,HG00140_lib1_dc,PacBio HiFi sequencing of HG00140 rebasecalled with DeepConsensus v1.2,WGS,GENOMIC,size fractionation,single,PACBIO_SMRT,Sequel II,HiFi sequencing of 20kb fractionated gDNA,fastq,Megaruptor 3,PippinHT,deepconsensus,1.2,P2,C2,University of Washington,kmiyamot@uw.edu,HG00140.m64136_220719_122056.dc.q20.fastq.gz,1782816,39151198475,39.15,279,74729,21960,18543,20750,24315,19082,21705,25964,s3://human-pangenomics/working/HPRC/HG00140/raw_data/PacBio_HiFi/deepconsensus/v1pt2/HG00140.m64136_220719_122056.dc.q20.fastq.gz,HPRC_DEEPCONSENSUS_v1pt2_2023_08_q20,unaligned reads,,12.63,
HG00280,SRR26545335,SRP305758,PRJNA701308,SAMN33758779,PG00280.HFSS_dc,PacBio HiFi sequencing of HG00280 rebasecalled with DeepConsensus v1.2,WGS,GENOMIC,size fractionation,single,PACBIO_SMRT,Sequel II,HiFi sequencing of 20kb fractionated gDNA,fastq,Megaruptor 3,PippinHT,deepconsensus,1.2,P2,C2,University of Washington,kmiyamot@uw.edu,HG00280.m54329U_220901_221341.dc.q20.fastq.gz,2766007,55104620054,55.1,91,66666,19922,16987,19159,22208,17476,19949,23253,s3://human-pangenomics/working/HPRC/HG00280/raw_data/PacBio_HiFi/deepconsensus/v1pt2/HG00280.m54329U_220901_221341.dc.q20.fastq.gz,HPRC_DEEPCONSENSUS_v1pt2_2023_08_q20,unaligned reads,,17.78,
HG00280,SRR26545335,SRP305758,PRJNA701308,SAMN33758779,PG00280.HFSS_dc,PacBio HiFi sequencing of HG00280 rebasecalled with DeepConsensus v1.2,WGS,GENOMIC,size fractionation,single,PACBIO_SMRT,Sequel II,HiFi sequencing of 20kb fractionated gDNA,fastq,Megaruptor 3,PippinHT,deepconsensus,1.2,P2,C2,University of Washington,kmiyamot@uw.edu,HG00280.m64076_220831_191646.dc.q20.fastq.gz,2117048,42317282570,42.32,82,63656,19988,17049,19244,22305,17549,20043,23323,s3://human-pangenomics/working/HPRC/HG00280/raw_data/PacBio_HiFi/deepconsensus/v1pt2/HG00280.m64076_220831_191646.dc.q20.fastq.gz,HPRC_DEEPCONSENSUS_v1pt2_2023_08_q20,unaligned reads,,13.65,
HG00280,SRR26545335,SRP305758,PRJNA701308,SAMN33758779,PG00280.HFSS_dc,PacBio HiFi sequencing of HG00280 rebasecalled with DeepConsensus v1.2,WGS,GENOMIC,size fractionation,single,PACBIO_SMRT,Sequel II,HiFi sequencing of 20kb fractionated gDNA,fastq,Megaruptor 3,PippinHT,deepconsensus,1.2,P2,C2,University of Washington,kmiyamot@uw.edu,HG00280.m64457e_220825_195635.dc.q20.fastq.gz,2627493,54142441428,54.14,112,63894,20606,17533,19955,23125,18112,20808,24128,s3://human-pangenomics/working/HPRC/HG00280/raw_data/PacBio_HiFi/deepconsensus/v1pt2/HG00280.m64457e_220825_195635.dc.q20.fastq.gz,HPRC_DEEPCONSENSUS_v1pt2_2023_08_q20,unaligned reads,,17.47,
HG00323,SRR26545324,SRP305758,PRJNA701308,SAMN33621942,HG00323_lib1_dc,PacBio HiFi sequencing of HG00323 rebasecalled with DeepConsensus v1.2,WGS,GENOMIC,size fractionation,single,PACBIO_SMRT,Sequel II,HiFi sequencing of 20kb fractionated gDNA,fastq,Megaruptor 3,PippinHT,deepconsensus,1.2,P2,C2,University of Washington,kmiyamot@uw.edu,HG00323.m64043_220728_173215.dc.q20.fastq.gz,352327,7524316582,7.52,1028,57489,21356,19009,20965,23289,19422,21456,23918,s3://human-pangenomics/working/HPRC/HG00323/raw_data/PacBio_HiFi/deepconsensus/v1pt2/HG00323.m64043_220728_173215.dc.q20.fastq.gz,HPRC_DEEPCONSENSUS_v1pt2_2023_08_q20,unaligned reads,,2.43,
HG00323,SRR26545324,SRP305758,PRJNA701308,SAMN33621942,HG00323_lib1_dc,PacBio HiFi sequencing of HG00323 rebasecalled with DeepConsensus v1.2,WGS,GENOMIC,size fractionation,single,PACBIO_SMRT,Sequel II,HiFi sequencing of 20kb fractionated gDNA,fastq,Megaruptor 3,PippinHT,deepconsensus,1.2,P2,C2,University of Washington,kmiyamot@uw.edu,HG00323.m64136_220708_205611.dc.q20.fastq.gz,1906575,36647858804,36.65,228,62093,19221,16271,18525,21588,16772,19416,22514,s3://human-pangenomics/working/HPRC/HG00323/raw_data/PacBio_HiFi/deepconsensus/v1pt2/HG00323.m64136_220708_205611.dc.q20.fastq.gz,HPRC_DEEPCONSENSUS_v1pt2_2023_08_q20,unaligned reads,,11.82,
HG00323,SRR26545324,SRP305758,PRJNA701308,SAMN33621942,HG00323_lib1_dc,PacBio HiFi sequencing of HG00323 rebasecalled with DeepConsensus v1.2,WGS,GENOMIC,size fractionation,single,PACBIO_SMRT,Sequel II,HiFi sequencing of 20kb fractionated gDNA,fastq,Megaruptor 3,PippinHT,deepconsensus,1.2,P2,C2,University of Washington,kmiyamot@uw.edu,HG00323.m64136_220710_175208.dc.q20.fastq.gz,1969371,37738047851,37.74,61,62819,19162,16236,18450,21516,16728,19335,22440,s3://human-pangenomics/working/HPRC/HG00323/raw_data/PacBio_HiFi/deepconsensus/v1pt2/HG00323.m64136_220710_175208.dc.q20.fastq.gz,HPRC_DEEPCONSENSUS_v1pt2_2023_08_q20,unaligned reads,,12.17,
HG00323,SRR26545324,SRP305758,PRJNA701308,SAMN33621942,HG00323_lib1_dc,PacBio HiFi sequencing of HG00323 rebasecalled with DeepConsensus v1.2,WGS,GENOMIC,size fractionation,single,PACBIO_SMRT,Sequel II,HiFi sequencing of 20kb fractionated gDNA,fastq,Megaruptor 3,PippinHT,deepconsensus,1.2,P2,C2,University of Washington,kmiyamot@uw.edu,HG00323.m64136_220712_144943.dc.q20.fastq.gz,1986891,38117507590,38.12,158,59330,19184,16250,18482,21540,16746,19368,22466,s3://human-pangenomics/working/HPRC/HG00323/raw_data/PacBio_HiFi/deepconsensus/v1pt2/HG00323.m64136_220712_144943.dc.q20.fastq.gz,HPRC_DEEPCONSENSUS_v1pt2_2023_08_q20,unaligned reads,,12.3,
HG00408,SRR26545313,SRP305758,PRJNA701308,SAMN33621943,HG00408_lib1_dc,PacBio HiFi sequencing of HG00408 rebasecalled with DeepConsensus v1.2,WGS,GENOMIC,size fractionation,single,PACBIO_SMRT,Sequel II,HiFi sequencing of 20kb fractionated gDNA,fastq,Megaruptor 3,PippinHT,deepconsensus,1.2,P2,C2,University of Washington,kmiyamot@uw.edu,HG00408.m64136_211111_194404.dc.q20.fastq.gz,2333870,44812028504,44.81,83,61297,19200,16485,17955,20955,16774,18540,22353,s3://human-pangenomics/working/HPRC/HG00408/raw_data/PacBio_HiFi/deepconsensus/v1pt2/HG00408.m64136_211111_194404.dc.q20.fastq.gz,HPRC_DEEPCONSENSUS_v1pt2_2023_08_q20,unaligned reads,,14.46,
HG00408,SRR26545313,SRP305758,PRJNA701308,SAMN33621943,HG00408_lib1_dc,PacBio HiFi sequencing of HG00408 rebasecalled with DeepConsensus v1.2,WGS,GENOMIC,size fractionation,single,PACBIO_SMRT,Sequel II,HiFi sequencing of 20kb fractionated gDNA,fastq,Megaruptor 3,PippinHT,deepconsensus,1.2,P2,C2,University of Washington,kmiyamot@uw.edu,HG00408.m64136_211113_063830.dc.q20.fastq.gz,2300157,44370139003,44.37,808,59303,19290,16522,18015,21113,16821,18626,22516,s3://human-pangenomics/working/HPRC/HG00408/raw_data/PacBio_HiFi/deepconsensus/v1pt2/HG00408.m64136_211113_063830.dc.q20.fastq.gz,HPRC_DEEPCONSENSUS_v1pt2_2023_08_q20,unaligned reads,,14.31,
HG00408,SRR26545313,SRP305758,PRJNA701308,SAMN33621943,HG00408_lib1_dc,PacBio HiFi sequencing of HG00408 rebasecalled with DeepConsensus v1.2,WGS,GENOMIC,size fractionation,single,PACBIO_SMRT,Sequel II,HiFi sequencing of 20kb fractionated gDNA,fastq,Megaruptor 3,PippinHT,deepconsensus,1.2,P2,C2,University of Washington,kmiyamot@uw.edu,HG00408.m64136_211114_164241.dc.q20.fastq.gz,2352957,45267854968,45.27,299,70538,19238,16500,17973,21009,16792,18566,22425,s3://human-pangenomics/working/HPRC/HG00408/raw_data/PacBio_HiFi/deepconsensus/v1pt2/HG00408.m64136_211114_164241.dc.q20.fastq.gz,HPRC_DEEPCONSENSUS_v1pt2_2023_08_q20,unaligned reads,,14.6,
HG00423,SRR25618944,SRP305758,PRJNA701308,SAMN26237490,HG00423_lib1_dc,PacBio HiFi sequencing of HG00423 rebasecalled with DeepConsensus v1.2,WGS,GENOMIC,size fractionation,single,PACBIO_SMRT,Sequel II,HiFi sequencing of 20kb fractionated gDNA,fastq,Megaruptor 1,SageELF,deepconsensus,1.2,P2,C2,Washington University,tgraves@wustl.edu,HG00423.m64043_210205_190424.dc.q20.fastq.gz,2169288,40034895477,40.03,43,49368,18455,16373,18217,20127,16798,18643,20614,s3://human-pangenomics/working/HPRC/HG00423/raw_data/PacBio_HiFi/deepconsensus/v1pt2/HG00423.m64043_210205_190424.dc.q20.fastq.gz,HPRC_DEEPCONSENSUS_v1pt2,unaligned reads,,12.91,
HG00423,SRR25618944,SRP305758,PRJNA701308,SAMN26237490,HG00423_lib1_dc,PacBio HiFi sequencing of HG00423 rebasecalled with DeepConsensus v1.2,WGS,GENOMIC,size fractionation,single,PACBIO_SMRT,Sequel II,HiFi sequencing of 20kb fractionated gDNA,fastq,Megaruptor 1,SageELF,deepconsensus,1.2,P2,C2,Washington University,tgraves@wustl.edu,HG00423.m64043_210207_011920.dc.q20.fastq.gz,2102877,38839139125,38.84,25,50437,18469,16369,18215,20151,16793,18648,20653,s3://human-pangenomics/working/HPRC/HG00423/raw_data/PacBio_HiFi/deepconsensus/v1pt2/HG00423.m64043_210207_011920.dc.q20.fastq.gz,HPRC_DEEPCONSENSUS_v1pt2,unaligned reads,,12.53,
HG00423,SRR25618944,SRP305758,PRJNA701308,SAMN26237490,HG00423_lib1_dc,PacBio HiFi sequencing of HG00423 rebasecalled with DeepConsensus v1.2,WGS,GENOMIC,size fractionation,single,PACBIO_SMRT,Sequel II,HiFi sequencing of 20kb fractionated gDNA,fastq,Megaruptor 1,SageELF,deepconsensus,1.2,P2,C2,Washington University,tgraves@wustl.edu,HG00423.m64043_210209_184051.dc.q20.fastq.gz,2368234,43732229354,43.73,3,49975,18466,16385,18214,20135,16803,18639,20629,s3://human-pangenomics/working/HPRC/HG00423/raw_data/PacBio_HiFi/deepconsensus/v1pt2/HG00423.m64043_210209_184051.dc.q20.fastq.gz,HPRC_DEEPCONSENSUS_v1pt2,unaligned reads,,14.11,
HG00423,SRR25618944,SRP305758,PRJNA701308,SAMN26237490,HG00423_lib1_dc,PacBio HiFi sequencing of HG00423 rebasecalled with DeepConsensus v1.2,WGS,GENOMIC,size fractionation,single,PACBIO_SMRT,Sequel II,HiFi sequencing of 20kb fractionated gDNA,fastq,Megaruptor 1,SageELF,deepconsensus,1.2,P2,C2,Washington University,tgraves@wustl.edu,HG00423.m64043_210211_005516.dc.q20.fastq.gz,2310672,42725362259,42.73,43,50530,18490,16420,18248,20149,16841,18666,20638,s3://human-pangenomics/working/HPRC/HG00423/raw_data/PacBio_HiFi/deepconsensus/v1pt2/HG00423.m64043_210211_005516.dc.q20.fastq.gz,HPRC_DEEPCONSENSUS_v1pt2,unaligned reads,,13.78,
HG00438,,SRP305758,PRJNA701308,SAMN17861652,HG00438_lib1_dc_m64043_200710_174426,PacBio HiFi sequencing of HG00438 rebasecalled with DeepConsensus v1.2,WGS,GENOMIC,size fractionation,single,PACBIO_SMRT,Sequel II,HiFi sequencing of 20kb fractionated gDNA,fastq,Megaruptor 1,SageELF,deepconsensus,1.2,,,Washington University,tgraves@wustl.edu,HG00438.m64043_200710_174426.dc.q20.fastq.gz,1839276,42819548471,42.82,22,51234,23280,19613,21968,25884,20156,23021,27562,s3://human-pangenomics/working/HPRC/HG00438/raw_data/PacBio_HiFi/deepconsensus/v1pt2/HG00438.m64043_200710_174426.dc.q20.fastq.gz,HPRC_DEEPCONSENSUS_v1pt2_2023_12_q20,unaligned reads,,13.81,0.559715
HG00438,,SRP305758,PRJNA701308,SAMN17861652,HG00438_lib1_dc_m64043_200711_235708,PacBio HiFi sequencing of HG00438 rebasecalled with DeepConsensus v1.2,WGS,GENOMIC,size fractionation,single,PACBIO_SMRT,Sequel II,HiFi sequencing of 20kb fractionated gDNA,fastq,Megaruptor 1,SageELF,deepconsensus,1.2,,,Washington University,tgraves@wustl.edu,HG00438.m64043_200711_235708.dc.q20.fastq.gz,1522990,35214859629,35.21,23,51363,23122,19534,21807,25718,20053,22819,27366,s3://human-pangenomics/working/HPRC/HG00438/raw_data/PacBio_HiFi/deepconsensus/v1pt2/HG00438.m64043_200711_235708.dc.q20.fastq.gz,HPRC_DEEPCONSENSUS_v1pt2_2023_12_q20,unaligned reads,,11.36,0.550762
HG00438,,SRP305758,PRJNA701308,SAMN17861652,HG00438_lib1_dc_m64043_200713_062240,PacBio HiFi sequencing of HG00438 rebasecalled with DeepConsensus v1.2,WGS,GENOMIC,size fractionation,single,PACBIO_SMRT,Sequel II,HiFi sequencing of 20kb fractionated gDNA,fastq,Megaruptor 1,SageELF,deepconsensus,1.2,,,Washington University,tgraves@wustl.edu,HG00438.m64043_200713_062240.dc.q20.fastq.gz,1688320,39353675404,39.35,45,52110,23309,19611,21968,25990,20157,23037,27698,s3://human-pangenomics/working/HPRC/HG00438/raw_data/PacBio_HiFi/deepconsensus/v1pt2/HG00438.m64043_200713_062240.dc.q20.fastq.gz,HPRC_DEEPCONSENSUS_v1pt2_2023_12_q20,unaligned reads,,12.69,0.56016
HG00438,,SRP305758,PRJNA701308,SAMN17861652,HG00438_lib1_dc_m64043_200714_124814,PacBio HiFi sequencing of HG00438 rebasecalled with DeepConsensus v1.2,WGS,GENOMIC,size fractionation,single,PACBIO_SMRT,Sequel II,HiFi sequencing of 20kb fractionated gDNA,fastq,Megaruptor 1,SageELF,deepconsensus,1.2,,,Washington University,tgraves@wustl.edu,HG00438.m64043_200714_124814.dc.q20.fastq.gz,1774417,41345905079,41.35,38,52820,23301,19605,21954,25978,20149,23027,27693,s3://human-pangenomics/working/HPRC/HG00438/raw_data/PacBio_HiFi/deepconsensus/v1pt2/HG00438.m64043_200714_124814.dc.q20.fastq.gz,HPRC_DEEPCONSENSUS_v1pt2_2023_12_q20,unaligned reads,,13.34,0.548622
HG00438,SRR30729274,SRP305758,PRJNA701308,SAMN17861652,HG00438_lib1_dc_m64136_220613_120618,PacBio HiFi sequencing of HG00438 rebasecalled with DeepConsensus v1.2,WGS,GENOMIC,size fractionation,single,PACBIO_SMRT,Sequel II,HiFi sequencing of 20kb fractionated gDNA,fastq,Megaruptor 1,SageELF,deepconsensus,1.2,P2.2,C2,Washington University,tgraves@wustl.edu,HG00438.m64136_220613_120618.dc.q20.fastq.gz,1830020,37359016272,37.36,153,50920,20414,18864,20127,21706,19036,20358,21993,s3://human-pangenomics/working/HPRC/HG00438/raw_data/PacBio_HiFi/deepconsensus/v1pt2/HG00438.m64136_220613_120618.dc.q20.fastq.gz,HPRC_DEEPCONSENSUS_v1pt2_2024_02_q20_re-run,unaligned reads,,12.05,0.573085
HG00438,SRR30729275,SRP305758,PRJNA701308,SAMN17861652,HG00438_lib1_dc_m64136_220615_072400,PacBio HiFi sequencing of HG00438 rebasecalled with DeepConsensus v1.2,WGS,GENOMIC,size fractionation,single,PACBIO_SMRT,Sequel II,HiFi sequencing of 20kb fractionated gDNA,fastq,Megaruptor 1,SageELF,deepconsensus,1.2,P2.2,C2,Washington University,tgraves@wustl.edu,HG00438.m64136_220615_072400.dc.q20.fastq.gz,2195469,44759215642,44.76,525,73999,20387,18840,20101,21680,19011,20333,21969,s3://human-pangenomics/working/HPRC/HG00438/raw_data/PacBio_HiFi/deepconsensus/v1pt2/HG00438.m64136_220615_072400.dc.q20.fastq.gz,HPRC_DEEPCONSENSUS_v1pt2_2024_02_q20_re-run,unaligned reads,,14.44,0.536655
HG00544,SRR25618943,SRP305758,PRJNA701308,SAMN26237491,HG00544_lib1_dc,PacBio HiFi sequencing of HG00544 rebasecalled with DeepConsensus v1.2,WGS,GENOMIC,size fractionation,single,PACBIO_SMRT,Sequel II,HiFi sequencing of 20kb fractionated gDNA,fastq,Megaruptor 1,SageELF,deepconsensus,1.2,P2,C2,Washington University,tgraves@wustl.edu,HG00544.m64136_210520_180433.dc.q20.fastq.gz,1622000,31807341724,31.81,48,50293,19609,16831,18464,21827,17139,19153,22870,s3://human-pangenomics/working/HPRC/HG00544/raw_data/PacBio_HiFi/deepconsensus/v1pt2/HG00544.m64136_210520_180433.dc.q20.fastq.gz,HPRC_DEEPCONSENSUS_v1pt2,unaligned reads,,10.26,
HG00544,SRR25618932,SRP305758,PRJNA701308,SAMN26237491,HG00544_lib2_dc,PacBio HiFi sequencing of HG00544 rebasecalled with DeepConsensus v1.2,WGS,GENOMIC,size fractionation,single,PACBIO_SMRT,Sequel II,HiFi sequencing of 20kb fractionated gDNA,fastq,Megaruptor 1,SageELF,deepconsensus,1.2,P2,C2,Washington University,tgraves@wustl.edu,HG00544.m64043_210702_183246.dc.q20.fastq.gz,2258284,42595473911,42.6,473,48786,18861,17346,18505,20009,17486,18722,20289,s3://human-pangenomics/working/HPRC/HG00544/raw_data/PacBio_HiFi/deepconsensus/v1pt2/HG00544.m64043_210702_183246.dc.q20.fastq.gz,HPRC_DEEPCONSENSUS_v1pt2,unaligned reads,,13.74,
HG00544,SRR25618943,SRP305758,PRJNA701308,SAMN26237491,HG00544_lib1_dc,PacBio HiFi sequencing of HG00544 rebasecalled with DeepConsensus v1.2,WGS,GENOMIC,size fractionation,single,PACBIO_SMRT,Sequel II,HiFi sequencing of 20kb fractionated gDNA,fastq,Megaruptor 1,SageELF,deepconsensus,1.2,P2,C2,Washington University,tgraves@wustl.edu,HG00544.m64136_210522_014758.dc.q20.fastq.gz,1138126,22585207501,22.59,45,50267,19844,16973,18740,22196,17318,19529,23187,s3://human-pangenomics/working/HPRC/HG00544/raw_data/PacBio_HiFi/deepconsensus/v1pt2/HG00544.m64136_210522_014758.dc.q20.fastq.gz,HPRC_DEEPCONSENSUS_v1pt2,unaligned reads,,7.29,
HG00544,SRR25618943,SRP305758,PRJNA701308,SAMN26237491,HG00544_lib1_dc,PacBio HiFi sequencing of HG00544 rebasecalled with DeepConsensus v1.2,WGS,GENOMIC,size fractionation,single,PACBIO_SMRT,Sequel II,HiFi sequencing of 20kb fractionated gDNA,fastq,Megaruptor 1,SageELF,deepconsensus,1.2,P2,C2,Washington University,tgraves@wustl.edu,HG00544.m64136_210523_100337.dc.q20.fastq.gz,1062451,21059155506,21.06,44,50242,19821,16950,18702,22167,17294,19483,23169,s3://human-pangenomics/working/HPRC/HG00544/raw_data/PacBio_HiFi/deepconsensus/v1pt2/HG00544.m64136_210523_100337.dc.q20.fastq.gz,HPRC_DEEPCONSENSUS_v1pt2,unaligned reads,,6.79,
HG00544,SRR25618943,SRP305758,PRJNA701308,SAMN26237491,HG00544_lib1_dc,PacBio HiFi sequencing of HG00544 rebasecalled with DeepConsensus v1.2,WGS,GENOMIC,size fractionation,single,PACBIO_SMRT,Sequel II,HiFi sequencing of 20kb fractionated gDNA,fastq,Megaruptor 1,SageELF,deepconsensus,1.2,P2,C2,Washington University,tgraves@wustl.edu,HG00544.m64136_210525_165246.dc.q20.fastq.gz,1183515,22833946978,22.83,86,50605,19293,16721,18215,21263,16988,18781,22319,s3://human-pangenomics/working/HPRC/HG00544/raw_data/PacBio_HiFi/deepconsensus/v1pt2/HG00544.m64136_210525_165246.dc.q20.fastq.gz,HPRC_DEEPCONSENSUS_v1pt2,unaligned reads,,7.37,
HG00558,SRR26545306,SRP305758,PRJNA701308,SAMN33758780,HG00558.HFSS_dc,PacBio HiFi sequencing of HG00558 rebasecalled with DeepConsensus v1.2,WGS,GENOMIC,size fractionation,single,PACBIO_SMRT,Sequel II,HiFi sequencing of 20kb fractionated gDNA,fastq,Megaruptor 3,PippinHT,deepconsensus,1.2,P2,C2,University of Washington,kmiyamot@uw.edu,HG00558.m54329U_220107_233847.dc.q20.fastq.gz,1871072,39592932418,39.59,72,86842,21160,16689,20169,24635,17954,21883,26674,s3://human-pangenomics/working/HPRC/HG00558/raw_data/PacBio_HiFi/deepconsensus/v1pt2/HG00558.m54329U_220107_233847.dc.q20.fastq.gz,HPRC_DEEPCONSENSUS_v1pt2_2023_08_q20,unaligned reads,,12.77,
HG00558,SRR26545306,SRP305758,PRJNA701308,SAMN33758780,HG00558.HFSS_dc,PacBio HiFi sequencing of HG00558 rebasecalled with DeepConsensus v1.2,WGS,GENOMIC,size fractionation,single,PACBIO_SMRT,Sequel II,HiFi sequencing of 20kb fractionated gDNA,fastq,Megaruptor 3,PippinHT,deepconsensus,1.2,P2,C2,University of Washington,kmiyamot@uw.edu,HG00558.m54329U_220114_143904.dc.q20.fastq.gz,1955960,41469474397,41.47,208,67567,21201,16721,20221,24665,17999,21930,26711,s3://human-pangenomics/working/HPRC/HG00558/raw_data/PacBio_HiFi/deepconsensus/v1pt2/HG00558.m54329U_220114_143904.dc.q20.fastq.gz,HPRC_DEEPCONSENSUS_v1pt2_2023_08_q20,unaligned reads,,13.38,
HG00558,SRR26545306,SRP305758,PRJNA701308,SAMN33758780,HG00558.HFSS_dc,PacBio HiFi sequencing of HG00558 rebasecalled with DeepConsensus v1.2,WGS,GENOMIC,size fractionation,single,PACBIO_SMRT,Sequel II,HiFi sequencing of 20kb fractionated gDNA,fastq,Megaruptor 3,PippinHT,deepconsensus,1.2,P2,C2,University of Washington,kmiyamot@uw.edu,HG00558.m54329U_220116_013607.dc.q20.fastq.gz,1969873,41711456205,41.71,61,70144,21174,16697,20193,24635,17972,21908,26673,s3://human-pangenomics/working/HPRC/HG00558/raw_data/PacBio_HiFi/deepconsensus/v1pt2/HG00558.m54329U_220116_013607.dc.q20.fastq.gz,HPRC_DEEPCONSENSUS_v1pt2_2023_08_q20,unaligned reads,,13.46,
HG00558,SRR26545306,SRP305758,PRJNA701308,SAMN33758780,HG00558.HFSS_dc,PacBio HiFi sequencing of HG00558 rebasecalled with DeepConsensus v1.2,WGS,GENOMIC,size fractionation,single,PACBIO_SMRT,Sequel II,HiFi sequencing of 20kb fractionated gDNA,fastq,Megaruptor 3,PippinHT,deepconsensus,1.2,P2,C2,University of Washington,kmiyamot@uw.edu,HG00558.m64076_220216_013707.dc.q20.fastq.gz,129174,2702910493,2.7,772,61101,20924,16550,19930,24233,17778,21564,26256,s3://human-pangenomics/working/HPRC/HG00558/raw_data/PacBio_HiFi/deepconsensus/v1pt2/HG00558.m64076_220216_013707.dc.q20.fastq.gz,HPRC_DEEPCONSENSUS_v1pt2_2023_08_q20,unaligned reads,,0.87,
HG00597,SRR26545305,SRP305758,PRJNA701308,SAMN33621944,HG00597_lib1_dc,PacBio HiFi sequencing of HG00597 rebasecalled with DeepConsensus v1.2,WGS,GENOMIC,size fractionation,single,PACBIO_SMRT,Sequel II,HiFi sequencing of 20kb fractionated gDNA,fastq,Megaruptor 3,PippinHT,deepconsensus,1.2,P2,C2,University of Washington,kmiyamot@uw.edu,HG00597.m64043_211210_180342.dc.q20.fastq.gz,1933384,40772332453,40.77,435,56567,21088,19066,20503,22523,19281,20850,23032,s3://human-pangenomics/working/HPRC/HG00597/raw_data/PacBio_HiFi/deepconsensus/v1pt2/HG00597.m64043_211210_180342.dc.q20.fastq.gz,HPRC_DEEPCONSENSUS_v1pt2_2023_08_q20,unaligned reads,,13.15,
HG00597,SRR26545305,SRP305758,PRJNA701308,SAMN33621944,HG00597_lib1_dc,PacBio HiFi sequencing of HG00597 rebasecalled with DeepConsensus v1.2,WGS,GENOMIC,size fractionation,single,PACBIO_SMRT,Sequel II,HiFi sequencing of 20kb fractionated gDNA,fastq,Megaruptor 3,PippinHT,deepconsensus,1.2,P2,C2,University of Washington,kmiyamot@uw.edu,HG00597.m64043_211212_045901.dc.q20.fastq.gz,1913042,40302307968,40.3,505,63970,21067,19057,20487,22500,19271,20829,23004,s3://human-pangenomics/working/HPRC/HG00597/raw_data/PacBio_HiFi/deepconsensus/v1pt2/HG00597.m64043_211212_045901.dc.q20.fastq.gz,HPRC_DEEPCONSENSUS_v1pt2_2023_08_q20,unaligned reads,,13,
HG00597,SRR26545305,SRP305758,PRJNA701308,SAMN33621944,HG00597_lib1_dc,PacBio HiFi sequencing of HG00597 rebasecalled with DeepConsensus v1.2,WGS,GENOMIC,size fractionation,single,PACBIO_SMRT,Sequel II,HiFi sequencing of 20kb fractionated gDNA,fastq,Megaruptor 3,PippinHT,deepconsensus,1.2,P2,C2,University of Washington,kmiyamot@uw.edu,HG00597.m64043_211213_155654.dc.q20.fastq.gz,1905736,40116560377,40.12,660,67603,21050,19047,20475,22479,19260,20815,22980,s3://human-pangenomics/working/HPRC/HG00597/raw_data/PacBio_HiFi/deepconsensus/v1pt2/HG00597.m64043_211213_155654.dc.q20.fastq.gz,HPRC_DEEPCONSENSUS_v1pt2_2023_08_q20,unaligned reads,,12.94,
HG00597,SRR26545305,SRP305758,PRJNA701308,SAMN33621944,HG00597_lib1_dc,PacBio HiFi sequencing of HG00597 rebasecalled with DeepConsensus v1.2,WGS,GENOMIC,size fractionation,single,PACBIO_SMRT,Sequel II,HiFi sequencing of 20kb fractionated gDNA,fastq,Megaruptor 3,PippinHT,deepconsensus,1.2,P2,C2,University of Washington,kmiyamot@uw.edu,HG00597.m64043_211222_184851.dc.q20.fastq.gz,947828,14997092202,15,430,38352,15822,14996,15769,16597,15067,15857,16679,s3://human-pangenomics/working/HPRC/HG00597/raw_data/PacBio_HiFi/deepconsensus/v1pt2/HG00597.m64043_211222_184851.dc.q20.fastq.gz,HPRC_DEEPCONSENSUS_v1pt2_2023_08_q20,unaligned reads,,4.84,
HG00609,SRR25618921,SRP305758,PRJNA701308,SAMN26237492,HG00609_lib1_dc,PacBio HiFi sequencing of HG00609 rebasecalled with DeepConsensus v1.2,WGS,GENOMIC,size fractionation,single,PACBIO_SMRT,Sequel II,HiFi sequencing of 20kb fractionated gDNA,fastq,Megaruptor 1,SageELF,deepconsensus,1.2,P2,C2,Washington University,tgraves@wustl.edu,HG00609.m64136_210622_163607.dc.q20.fastq.gz,1917582,39047683785,39.05,47,50778,20362,17437,19156,22527,17779,19886,23774,s3://human-pangenomics/working/HPRC/HG00609/raw_data/PacBio_HiFi/deepconsensus/v1pt2/HG00609.m64136_210622_163607.dc.q20.fastq.gz,HPRC_DEEPCONSENSUS_v1pt2,unaligned reads,,12.6,
HG00609,SRR25618921,SRP305758,PRJNA701308,SAMN26237492,HG00609_lib1_dc,PacBio HiFi sequencing of HG00609 rebasecalled with DeepConsensus v1.2,WGS,GENOMIC,size fractionation,single,PACBIO_SMRT,Sequel II,HiFi sequencing of 20kb fractionated gDNA,fastq,Megaruptor 1,SageELF,deepconsensus,1.2,P2,C2,Washington University,tgraves@wustl.edu,HG00609.m64136_210624_033152.dc.q20.fastq.gz,1926656,39500111186,39.5,520,51015,20501,17481,19264,22777,17841,20052,24046,s3://human-pangenomics/working/HPRC/HG00609/raw_data/PacBio_HiFi/deepconsensus/v1pt2/HG00609.m64136_210624_033152.dc.q20.fastq.gz,HPRC_DEEPCONSENSUS_v1pt2,unaligned reads,,12.74,
HG00609,SRR25618921,SRP305758,PRJNA701308,SAMN26237492,HG00609_lib1_dc,PacBio HiFi sequencing of HG00609 rebasecalled with DeepConsensus v1.2,WGS,GENOMIC,size fractionation,single,PACBIO_SMRT,Sequel II,HiFi sequencing of 20kb fractionated gDNA,fastq,Megaruptor 1,SageELF,deepconsensus,1.2,P2,C2,Washington University,tgraves@wustl.edu,HG00609.m64136_210620_054327.dc.q20.fastq.gz,1950927,40060235610,40.06,47,50350,20533,17494,19288,22821,17860,20086,24111,s3://human-pangenomics/working/HPRC/HG00609/raw_data/PacBio_HiFi/deepconsensus/v1pt2/HG00609.m64136_210620_054327.dc.q20.fastq.gz,HPRC_DEEPCONSENSUS_v1pt2,unaligned reads,,12.92,
HG00621,,SRP305758,PRJNA701308,SAMN17861653,HG00621_lib1_dc_m64136_200710_174522,PacBio HiFi sequencing of HG00621 rebasecalled with DeepConsensus v1.2,WGS,GENOMIC,size fractionation,single,PACBIO_SMRT,Sequel II,HiFi sequencing of 20kb fractionated gDNA,fastq,Megaruptor 1,SageELF,deepconsensus,1.2,,,Washington University,tgraves@wustl.edu,HG00621.m64136_200710_174522.dc.q20.fastq.gz,1753077,38943645098,38.94,43,51311,22214,18655,20736,24674,19118,21737,26359,s3://human-pangenomics/working/HPRC/HG00621/raw_data/PacBio_HiFi/deepconsensus/v1pt2/HG00621.m64136_200710_174522.dc.q20.fastq.gz,HPRC_DEEPCONSENSUS_v1pt2_2023_12_q20,unaligned reads,,12.56,0.570673
HG00621,,SRP305758,PRJNA701308,SAMN17861653,HG00621_lib1_dc_m64136_200711_235843,PacBio HiFi sequencing of HG00621 rebasecalled with DeepConsensus v1.2,WGS,GENOMIC,size fractionation,single,PACBIO_SMRT,Sequel II,HiFi sequencing of 20kb fractionated gDNA,fastq,Megaruptor 1,SageELF,deepconsensus,1.2,,,Washington University,tgraves@wustl.edu,HG00621.m64136_200711_235843.dc.q20.fastq.gz,1626118,36365816041,36.37,43,51079,22363,18730,20860,24953,19211,21907,26668,s3://human-pangenomics/working/HPRC/HG00621/raw_data/PacBio_HiFi/deepconsensus/v1pt2/HG00621.m64136_200711_235843.dc.q20.fastq.gz,HPRC_DEEPCONSENSUS_v1pt2_2023_12_q20,unaligned reads,,11.73,0.566472
HG00621,,SRP305758,PRJNA701308,SAMN17861653,HG00621_lib1_dc_m64136_200713_062514,PacBio HiFi sequencing of HG00621 rebasecalled with DeepConsensus v1.2,WGS,GENOMIC,size fractionation,single,PACBIO_SMRT,Sequel II,HiFi sequencing of 20kb fractionated gDNA,fastq,Megaruptor 1,SageELF,deepconsensus,1.2,,,Washington University,tgraves@wustl.edu,HG00621.m64136_200713_062514.dc.q20.fastq.gz,1628468,36142145214,36.14,35,52036,22193,18643,20705,24694,19101,21698,26390,s3://human-pangenomics/working/HPRC/HG00621/raw_data/PacBio_HiFi/deepconsensus/v1pt2/HG00621.m64136_200713_062514.dc.q20.fastq.gz,HPRC_DEEPCONSENSUS_v1pt2_2023_12_q20,unaligned reads,,11.66,0.561665
HG00621,,SRP305758,PRJNA701308,SAMN17861653,HG00621_lib1_dc_m64136_200714_125149,PacBio HiFi sequencing of HG00621 rebasecalled with DeepConsensus v1.2,WGS,GENOMIC,size fractionation,single,PACBIO_SMRT,Sequel II,HiFi sequencing of 20kb fractionated gDNA,fastq,Megaruptor 1,SageELF,deepconsensus,1.2,,,Washington University,tgraves@wustl.edu,HG00621.m64136_200714_125149.dc.q20.fastq.gz,1660100,37091378267,37.09,43,52449,22342,18708,20833,24923,19187,21886,26665,s3://human-pangenomics/working/HPRC/HG00621/raw_data/PacBio_HiFi/deepconsensus/v1pt2/HG00621.m64136_200714_125149.dc.q20.fastq.gz,HPRC_DEEPCONSENSUS_v1pt2_2023_12_q20,unaligned reads,,11.96,0.557527
HG00639,SRR26545304,SRP305758,PRJNA701308,SAMN33758781,HG00639.HFSS_dc,PacBio HiFi sequencing of HG00639 rebasecalled with DeepConsensus v1.2,WGS,GENOMIC,size fractionation,single,PACBIO_SMRT,Sequel II,HiFi sequencing of 20kb fractionated gDNA,fastq,Megaruptor 3,PippinHT,deepconsensus,1.2,P2,C2,University of Washington,kmiyamot@uw.edu,HG00639.m54329U_211222_104516.dc.q20.fastq.gz,1935344,38547156714,38.55,141,66199,19917,15827,19042,23213,17034,20677,25214,s3://human-pangenomics/working/HPRC/HG00639/raw_data/PacBio_HiFi/deepconsensus/v1pt2/HG00639.m54329U_211222_104516.dc.q20.fastq.gz,HPRC_DEEPCONSENSUS_v1pt2_2023_08_q20,unaligned reads,,12.43,
HG00639,SRR26545304,SRP305758,PRJNA701308,SAMN33758781,HG00639.HFSS_dc,PacBio HiFi sequencing of HG00639 rebasecalled with DeepConsensus v1.2,WGS,GENOMIC,size fractionation,single,PACBIO_SMRT,Sequel II,HiFi sequencing of 20kb fractionated gDNA,fastq,Megaruptor 3,PippinHT,deepconsensus,1.2,P2,C2,University of Washington,kmiyamot@uw.edu,HG00639.m54329U_211230_014258.dc.q20.fastq.gz,1987877,39936124440,39.94,125,72780,20089,15963,19219,23402,17171,20832,25354,s3://human-pangenomics/working/HPRC/HG00639/raw_data/PacBio_HiFi/deepconsensus/v1pt2/HG00639.m54329U_211230_014258.dc.q20.fastq.gz,HPRC_DEEPCONSENSUS_v1pt2_2023_08_q20,unaligned reads,,12.88,
HG00639,SRR26545304,SRP305758,PRJNA701308,SAMN33758781,HG00639.HFSS_dc,PacBio HiFi sequencing of HG00639 rebasecalled with DeepConsensus v1.2,WGS,GENOMIC,size fractionation,single,PACBIO_SMRT,Sequel II,HiFi sequencing of 20kb fractionated gDNA,fastq,Megaruptor 3,PippinHT,deepconsensus,1.2,P2,C2,University of Washington,kmiyamot@uw.edu,HG00639.m54329U_211231_123903.dc.q20.fastq.gz,2199043,44552146515,44.55,156,66087,20259,16048,19356,23609,17281,21010,25605,s3://human-pangenomics/working/HPRC/HG00639/raw_data/PacBio_HiFi/deepconsensus/v1pt2/HG00639.m54329U_211231_123903.dc.q20.fastq.gz,HPRC_DEEPCONSENSUS_v1pt2_2023_08_q20,unaligned reads,,14.37,
HG00639,SRR26545304,SRP305758,PRJNA701308,SAMN33758781,HG00639.HFSS_dc,PacBio HiFi sequencing of HG00639 rebasecalled with DeepConsensus v1.2,WGS,GENOMIC,size fractionation,single,PACBIO_SMRT,Sequel II,HiFi sequencing of 20kb fractionated gDNA,fastq,Megaruptor 3,PippinHT,deepconsensus,1.2,P2,C2,University of Washington,kmiyamot@uw.edu,HG00639.m64076_220216_013707.dc.q20.fastq.gz,337976,6788386147,6.79,265,62936,20085,15944,19227,23406,17181,20872,25393,s3://human-pangenomics/working/HPRC/HG00639/raw_data/PacBio_HiFi/deepconsensus/v1pt2/HG00639.m64076_220216_013707.dc.q20.fastq.gz,HPRC_DEEPCONSENSUS_v1pt2_2023_08_q20,unaligned reads,,2.19,
HG00642,SRR25618910,SRP305758,PRJNA701308,SAMN26267378,HG00642.HFSS_dc,PacBio HiFi sequencing of HG00642 rebasecalled with DeepConsensus v1.2,WGS,GENOMIC,size fractionation,single,PACBIO_SMRT,Sequel II,HiFi sequencing of 20kb fractionated gDNA,fastq,Megaruptor 3,PippinHT,deepconsensus,1.2,P2.2,C2,University of Washington,kmiyamot@uw.edu,HG00642.m54329U_210524_174516.dc.q20.fastq.gz,2098346,41901198683,41.9,3,50177,19968,16616,19279,22634,17364,20305,23857,s3://human-pangenomics/working/HPRC/HG00642/raw_data/PacBio_HiFi/deepconsensus/v1pt2/HG00642.m54329U_210524_174516.dc.q20.fastq.gz,HPRC_DEEPCONSENSUS_v1pt2,unaligned reads,,13.52,
HG00642,SRR25618910,SRP305758,PRJNA701308,SAMN26267378,HG00642.HFSS_dc,PacBio HiFi sequencing of HG00642 rebasecalled with DeepConsensus v1.2,WGS,GENOMIC,size fractionation,single,PACBIO_SMRT,Sequel II,HiFi sequencing of 20kb fractionated gDNA,fastq,Megaruptor 3,PippinHT,deepconsensus,1.2,P2.2,C2,University of Washington,kmiyamot@uw.edu,HG00642.m64076_210516_091844.dc.q20.fastq.gz,1807795,34958291422,34.96,44,50162,19337,16092,18580,21854,16763,19569,23067,s3://human-pangenomics/working/HPRC/HG00642/raw_data/PacBio_HiFi/deepconsensus/v1pt2/HG00642.m64076_210516_091844.dc.q20.fastq.gz,HPRC_DEEPCONSENSUS_v1pt2,unaligned reads,,11.28,
HG00642,SRR25618910,SRP305758,PRJNA701308,SAMN26267378,HG00642.HFSS_dc,PacBio HiFi sequencing of HG00642 rebasecalled with DeepConsensus v1.2,WGS,GENOMIC,size fractionation,single,PACBIO_SMRT,Sequel II,HiFi sequencing of 20kb fractionated gDNA,fastq,Megaruptor 3,PippinHT,deepconsensus,1.2,P2.2,C2,University of Washington,kmiyamot@uw.edu,HG00642.m64076_210520_213355.dc.q20.fastq.gz,1782498,35678566241,35.68,48,50973,20016,16638,19343,22709,17405,20383,23904,s3://human-pangenomics/working/HPRC/HG00642/raw_data/PacBio_HiFi/deepconsensus/v1pt2/HG00642.m64076_210520_213355.dc.q20.fastq.gz,HPRC_DEEPCONSENSUS_v1pt2,unaligned reads,,11.51,
HG00642,SRR25618910,SRP305758,PRJNA701308,SAMN26267378,HG00642.HFSS_dc,PacBio HiFi sequencing of HG00642 rebasecalled with DeepConsensus v1.2,WGS,GENOMIC,size fractionation,single,PACBIO_SMRT,Sequel II,HiFi sequencing of 20kb fractionated gDNA,fastq,Megaruptor 3,PippinHT,deepconsensus,1.2,P2.2,C2,University of Washington,kmiyamot@uw.edu,HG00642.m64076_210522_082905.dc.q20.fastq.gz,1762529,35309203283,35.31,45,49954,20033,16617,19354,22770,17395,20418,23992,s3://human-pangenomics/working/HPRC/HG00642/raw_data/PacBio_HiFi/deepconsensus/v1pt2/HG00642.m64076_210522_082905.dc.q20.fastq.gz,HPRC_DEEPCONSENSUS_v1pt2,unaligned reads,,11.39,
HG00658,SRR30729139,SRP305758,PRJNA701308,SAMN37797096,HG00658_PB1_dc_m64055e_220304_184221,PacBio HiFi sequencing of HG00658 rebasecalled with DeepConsensus v1.2,WGS,GENOMIC,size fractionation,single,PACBIO_SMRT,Sequel II,HiFi sequencing of 20kb fractionated gDNA,fastq,Megaruptor 3,Pippin HT,deepconsensus,1.2,P2,C2,Rockefeller University,vgl-lab@rockefeller.edu,HG00658.m64055e_220304_184221.dc.q20.fastq.gz,1192861,20981313112,20.98,152,65060,17589,13606,16632,20674,14862,18366,22863,s3://human-pangenomics/working/HPRC/HG00658/raw_data/PacBio_HiFi/deepconsensus/v1pt2/HG00658.m64055e_220304_184221.dc.q20.fastq.gz,HPRC_DEEPCONSENSUS_v1pt2_2024_02_q20_re-run,unaligned reads,,6.77,0.603743
HG00658,SRR30729217,SRP305758,PRJNA701308,SAMN37797096,HG00658_PB1_dc_m64055e_220403_045718,PacBio HiFi sequencing of HG00658 rebasecalled with DeepConsensus v1.2,WGS,GENOMIC,size fractionation,single,PACBIO_SMRT,Sequel II,HiFi sequencing of 20kb fractionated gDNA,fastq,Megaruptor 3,Pippin HT,deepconsensus,1.2,P2,C2,Rockefeller University,vgl-lab@rockefeller.edu,HG00658.m64055e_220403_045718.dc.q20.fastq.gz,1089397,16704083189,16.7,267,51360,15333,12787,14963,17666,13584,15901,18826,s3://human-pangenomics/working/HPRC/HG00658/raw_data/PacBio_HiFi/deepconsensus/v1pt2/HG00658.m64055e_220403_045718.dc.q20.fastq.gz,HPRC_DEEPCONSENSUS_v1pt2_2024_02_q20_re-run,unaligned reads,,5.39,0.644964
HG00658,SRR30729174,SRP305758,PRJNA701308,SAMN37797096,HG00658_PB1_dc_m64055e_220504_181614,PacBio HiFi sequencing of HG00658 rebasecalled with DeepConsensus v1.2,WGS,GENOMIC,size fractionation,single,PACBIO_SMRT,Sequel II,HiFi sequencing of 20kb fractionated gDNA,fastq,Megaruptor 3,Pippin HT,deepconsensus,1.2,P2,C2,Rockefeller University,vgl-lab@rockefeller.edu,HG00658.m64055e_220504_181614.dc.q20.fastq.gz,1239140,21410659892,21.41,144,63780,17278,12935,16144,20481,14309,18158,22944,s3://human-pangenomics/working/HPRC/HG00658/raw_data/PacBio_HiFi/deepconsensus/v1pt2/HG00658.m64055e_220504_181614.dc.q20.fastq.gz,HPRC_DEEPCONSENSUS_v1pt2_2024_02_q20_re-run,unaligned reads,,6.91,0.60136
HG00658,SRR30729128,SRP305758,PRJNA701308,SAMN37797096,HG00658_PB1_dc_m64330e_220225_192221,PacBio HiFi sequencing of HG00658 rebasecalled with DeepConsensus v1.2,WGS,GENOMIC,size fractionation,single,PACBIO_SMRT,Sequel II,HiFi sequencing of 20kb fractionated gDNA,fastq,Megaruptor 3,Pippin HT,deepconsensus,1.2,P2,C2,Rockefeller University,vgl-lab@rockefeller.edu,HG00658.m64330e_220225_192221.dc.q20.fastq.gz,815679,18051481453,18.05,508,79093,22130,18810,21012,24389,19282,21886,25744,s3://human-pangenomics/working/HPRC/HG00658/raw_data/PacBio_HiFi/deepconsensus/v1pt2/HG00658.m64330e_220225_192221.dc.q20.fastq.gz,HPRC_DEEPCONSENSUS_v1pt2_2024_02_q20_re-run,unaligned reads,,5.82,0.619294
HG00658,SRR30729228,SRP305758,PRJNA701308,SAMN37797096,HG00658_PB1_dc_m64330e_220512_181140,PacBio HiFi sequencing of HG00658 rebasecalled with DeepConsensus v1.2,WGS,GENOMIC,size fractionation,single,PACBIO_SMRT,Sequel II,HiFi sequencing of 20kb fractionated gDNA,fastq,Megaruptor 3,Pippin HT,deepconsensus,1.2,P2,C2,Rockefeller University,vgl-lab@rockefeller.edu,HG00658.m64330e_220512_181140.dc.q20.fastq.gz,1495305,26589842204,26.59,128,60046,17782,13816,16947,20840,15126,18594,22870,s3://human-pangenomics/working/HPRC/HG00658/raw_data/PacBio_HiFi/deepconsensus/v1pt2/HG00658.m64330e_220512_181140.dc.q20.fastq.gz,HPRC_DEEPCONSENSUS_v1pt2_2024_02_q20_re-run,unaligned reads,,8.58,0.621829
HG00658,SRR30729163,SRP305758,PRJNA701308,SAMN37797096,HG00658_PB1_dc_m64334e_220429_152228,PacBio HiFi sequencing of HG00658 rebasecalled with DeepConsensus v1.2,WGS,GENOMIC,size fractionation,single,PACBIO_SMRT,Sequel II,HiFi sequencing of 20kb fractionated gDNA,fastq,Megaruptor 3,Pippin HT,deepconsensus,1.2,P2,C2,Rockefeller University,vgl-lab@rockefeller.edu,HG00658.m64334e_220429_152228.dc.q20.fastq.gz,1214860,22844593749,22.84,419,73740,18804,14592,18145,22092,16167,19764,24140,s3://human-pangenomics/working/HPRC/HG00658/raw_data/PacBio_HiFi/deepconsensus/v1pt2/HG00658.m64334e_220429_152228.dc.q20.fastq.gz,HPRC_DEEPCONSENSUS_v1pt2_2024_02_q20_re-run,unaligned reads,,7.37,0.603368
HG00673,,SRP305758,PRJNA701308,SAMN17861654,HG00673_lib1_dc_m64043_200716_182902,PacBio HiFi sequencing of HG00673 rebasecalled with DeepConsensus v1.2,WGS,GENOMIC,size fractionation,single,PACBIO_SMRT,Sequel II,HiFi sequencing of 20kb fractionated gDNA,fastq,Megaruptor 1,SageELF,deepconsensus,1.2,,,Washington University,tgraves@wustl.edu,HG00673.m64043_200716_182902.dc.q20.fastq.gz,1668720,34919276624,34.92,43,52459,20925,17988,20376,23422,18507,21181,24245,s3://human-pangenomics/working/HPRC/HG00673/raw_data/PacBio_HiFi/deepconsensus/v1pt2/HG00673.m64043_200716_182902.dc.q20.fastq.gz,HPRC_DEEPCONSENSUS_v1pt2_2023_12_q20,unaligned reads,,11.26,0.579597
HG00673,,SRP305758,PRJNA701308,SAMN17861654,HG00673_lib1_dc_m64043_200718_004213,PacBio HiFi sequencing of HG00673 rebasecalled with DeepConsensus v1.2,WGS,GENOMIC,size fractionation,single,PACBIO_SMRT,Sequel II,HiFi sequencing of 20kb fractionated gDNA,fastq,Megaruptor 1,SageELF,deepconsensus,1.2,,,Washington University,tgraves@wustl.edu,HG00673.m64043_200718_004213.dc.q20.fastq.gz,1861474,39116407585,39.12,52,54356,21013,18065,20468,23503,18594,21269,24333,s3://human-pangenomics/working/HPRC/HG00673/raw_data/PacBio_HiFi/deepconsensus/v1pt2/HG00673.m64043_200718_004213.dc.q20.fastq.gz,HPRC_DEEPCONSENSUS_v1pt2_2023_12_q20,unaligned reads,,12.62,0.585966
HG00673,,SRP305758,PRJNA701308,SAMN17861654,HG00673_lib1_dc_m64043_200719_070806,PacBio HiFi sequencing of HG00673 rebasecalled with DeepConsensus v1.2,WGS,GENOMIC,size fractionation,single,PACBIO_SMRT,Sequel II,HiFi sequencing of 20kb fractionated gDNA,fastq,Megaruptor 1,SageELF,deepconsensus,1.2,,,Washington University,tgraves@wustl.edu,HG00673.m64043_200719_070806.dc.q20.fastq.gz,1938109,40446406578,40.45,45,51746,20869,17956,20296,23325,18465,21088,24162,s3://human-pangenomics/working/HPRC/HG00673/raw_data/PacBio_HiFi/deepconsensus/v1pt2/HG00673.m64043_200719_070806.dc.q20.fastq.gz,HPRC_DEEPCONSENSUS_v1pt2_2023_12_q20,unaligned reads,,13.05,0.584335
HG00673,,SRP305758,PRJNA701308,SAMN17861654,HG00673_lib1_dc_m64043_200720_133355,PacBio HiFi sequencing of HG00673 rebasecalled with DeepConsensus v1.2,WGS,GENOMIC,size fractionation,single,PACBIO_SMRT,Sequel II,HiFi sequencing of 20kb fractionated gDNA,fastq,Megaruptor 1,SageELF,deepconsensus,1.2,,,Washington University,tgraves@wustl.edu,HG00673.m64043_200720_133355.dc.q20.fastq.gz,1725682,36182138390,36.18,45,51307,20966,18021,20409,23449,18545,21212,24293,s3://human-pangenomics/working/HPRC/HG00673/raw_data/PacBio_HiFi/deepconsensus/v1pt2/HG00673.m64043_200720_133355.dc.q20.fastq.gz,HPRC_DEEPCONSENSUS_v1pt2_2023_12_q20,unaligned reads,,11.67,0.598776
HG00735,,SRP305758,PRJNA701308,SAMN17861655,HG00735_lib1_dc_m64043_200702_173033,PacBio HiFi sequencing of HG00735 rebasecalled with DeepConsensus v1.2,WGS,GENOMIC,size fractionation,single,PACBIO_SMRT,Sequel II,HiFi sequencing of 20kb fractionated gDNA,fastq,Megaruptor 1,SageELF,deepconsensus,1.2,,,Washington University,tgraves@wustl.edu,HG00735.m64043_200702_173033.dc.q20.fastq.gz,1961390,43995291484,44,26,52179,22430,19752,21951,24608,20261,22561,25393,s3://human-pangenomics/working/HPRC/HG00735/raw_data/PacBio_HiFi/deepconsensus/v1pt2/HG00735.m64043_200702_173033.dc.q20.fastq.gz,HPRC_DEEPCONSENSUS_v1pt2_2023_12_q20,unaligned reads,,14.19,0.577219
HG00735,,SRP305758,PRJNA701308,SAMN17861655,HG00735_lib1_dc_m64043_200703_234328,PacBio HiFi sequencing of HG00735 rebasecalled with DeepConsensus v1.2,WGS,GENOMIC,size fractionation,single,PACBIO_SMRT,Sequel II,HiFi sequencing of 20kb fractionated gDNA,fastq,Megaruptor 1,SageELF,deepconsensus,1.2,,,Washington University,tgraves@wustl.edu,HG00735.m64043_200703_234328.dc.q20.fastq.gz,1812865,40746956169,40.75,46,52402,22476,19768,21965,24673,20275,22586,25494,s3://human-pangenomics/working/HPRC/HG00735/raw_data/PacBio_HiFi/deepconsensus/v1pt2/HG00735.m64043_200703_234328.dc.q20.fastq.gz,HPRC_DEEPCONSENSUS_v1pt2_2023_12_q20,unaligned reads,,13.15,0.559367
HG00735,,SRP305758,PRJNA701308,SAMN17861655,HG00735_lib1_dc_m64043_200705_060840,PacBio HiFi sequencing of HG00735 rebasecalled with DeepConsensus v1.2,WGS,GENOMIC,size fractionation,single,PACBIO_SMRT,Sequel II,HiFi sequencing of 20kb fractionated gDNA,fastq,Megaruptor 1,SageELF,deepconsensus,1.2,,,Washington University,tgraves@wustl.edu,HG00735.m64043_200705_060840.dc.q20.fastq.gz,1864709,41714309894,41.71,17,51103,22370,19686,21870,24545,20190,22482,25351,s3://human-pangenomics/working/HPRC/HG00735/raw_data/PacBio_HiFi/deepconsensus/v1pt2/HG00735.m64043_200705_060840.dc.q20.fastq.gz,HPRC_DEEPCONSENSUS_v1pt2_2023_12_q20,unaligned reads,,13.45,0.559724
HG00735,,SRP305758,PRJNA701308,SAMN17861655,HG00735_lib1_dc_m64043_200706_123423,PacBio HiFi sequencing of HG00735 rebasecalled with DeepConsensus v1.2,WGS,GENOMIC,size fractionation,single,PACBIO_SMRT,Sequel II,HiFi sequencing of 20kb fractionated gDNA,fastq,Megaruptor 1,SageELF,deepconsensus,1.2,,,Washington University,tgraves@wustl.edu,HG00735.m64043_200706_123423.dc.q20.fastq.gz,1665497,37131290050,37.13,45,50568,22294,19634,21798,24452,20130,22401,25255,s3://human-pangenomics/working/HPRC/HG00735/raw_data/PacBio_HiFi/deepconsensus/v1pt2/HG00735.m64043_200706_123423.dc.q20.fastq.gz,HPRC_DEEPCONSENSUS_v1pt2_2023_12_q20,unaligned reads,,11.98,0.567266
HG00738,SRR25618909,SRP305758,PRJNA701308,SAMN26237493,HG00738_lib1_dc,PacBio HiFi sequencing of HG00738 rebasecalled with DeepConsensus v1.2,WGS,GENOMIC,size fractionation,single,PACBIO_SMRT,Sequel II,HiFi sequencing of 20kb fractionated gDNA,fastq,Megaruptor 1,SageELF,deepconsensus,1.2,P2.2,C2,Washington University,tgraves@wustl.edu,HG00738.m64043_210530_003337.dc.q20.fastq.gz,1393853,30203390136,30.2,45,50541,21668,18544,20255,23637,18896,20930,25269,s3://human-pangenomics/working/HPRC/HG00738/raw_data/PacBio_HiFi/deepconsensus/v1pt2/HG00738.m64043_210530_003337.dc.q20.fastq.gz,HPRC_DEEPCONSENSUS_v1pt2,unaligned reads,,9.74,
HG00738,SRR25618909,SRP305758,PRJNA701308,SAMN26237493,HG00738_lib1_dc,PacBio HiFi sequencing of HG00738 rebasecalled with DeepConsensus v1.2,WGS,GENOMIC,size fractionation,single,PACBIO_SMRT,Sequel II,HiFi sequencing of 20kb fractionated gDNA,fastq,Megaruptor 1,SageELF,deepconsensus,1.2,P2.2,C2,Washington University,tgraves@wustl.edu,HG00738.m64043_210531_080529.dc.q20.fastq.gz,1423613,31001210271,31,47,50125,21776,18604,20359,23857,18972,21064,25465,s3://human-pangenomics/working/HPRC/HG00738/raw_data/PacBio_HiFi/deepconsensus/v1pt2/HG00738.m64043_210531_080529.dc.q20.fastq.gz,HPRC_DEEPCONSENSUS_v1pt2,unaligned reads,,10,
HG00738,SRR25618909,SRP305758,PRJNA701308,SAMN26237493,HG00738_lib1_dc,PacBio HiFi sequencing of HG00738 rebasecalled with DeepConsensus v1.2,WGS,GENOMIC,size fractionation,single,PACBIO_SMRT,Sequel II,HiFi sequencing of 20kb fractionated gDNA,fastq,Megaruptor 1,SageELF,deepconsensus,1.2,P2.2,C2,Washington University,tgraves@wustl.edu,HG00738.m64043_210601_160048.dc.q20.fastq.gz,1411582,31130588733,31.13,48,51016,22053,18714,20566,24368,19116,21371,26022,s3://human-pangenomics/working/HPRC/HG00738/raw_data/PacBio_HiFi/deepconsensus/v1pt2/HG00738.m64043_210601_160048.dc.q20.fastq.gz,HPRC_DEEPCONSENSUS_v1pt2,unaligned reads,,10.04,
HG00738,SRR25618909,SRP305758,PRJNA701308,SAMN26237493,HG00738_lib1_dc,PacBio HiFi sequencing of HG00738 rebasecalled with DeepConsensus v1.2,WGS,GENOMIC,size fractionation,single,PACBIO_SMRT,Sequel II,HiFi sequencing of 20kb fractionated gDNA,fastq,Megaruptor 1,SageELF,deepconsensus,1.2,P2.2,C2,Washington University,tgraves@wustl.edu,HG00738.m64136_210602_151340.dc.q20.fastq.gz,1174272,25652690225,25.65,90,50263,21845,18605,20381,23999,18983,21121,25679,s3://human-pangenomics/working/HPRC/HG00738/raw_data/PacBio_HiFi/deepconsensus/v1pt2/HG00738.m64136_210602_151340.dc.q20.fastq.gz,HPRC_DEEPCONSENSUS_v1pt2,unaligned reads,,8.28,
HG00741,,SRP305758,PRJNA701308,SAMN17861656,HG00741_lib1_dc_m64136_200625_174949,PacBio HiFi sequencing of HG00741 rebasecalled with DeepConsensus v1.2,WGS,GENOMIC,size fractionation,single,PACBIO_SMRT,Sequel II,HiFi sequencing of 20kb fractionated gDNA,fastq,Megaruptor 1,SageELF,deepconsensus,1.2,,,Washington University,tgraves@wustl.edu,HG00741.m64136_200625_174949.dc.q20.fastq.gz,1518430,37853750643,37.85,31,52023,24929,21857,24404,27489,22444,25123,28397,s3://human-pangenomics/working/HPRC/HG00741/raw_data/PacBio_HiFi/deepconsensus/v1pt2/HG00741.m64136_200625_174949.dc.q20.fastq.gz,HPRC_DEEPCONSENSUS_v1pt2_2023_12_q20,unaligned reads,,12.21,0.547193
HG00741,,SRP305758,PRJNA701308,SAMN17861656,HG00741_lib1_dc_m64136_200627_000247,PacBio HiFi sequencing of HG00741 rebasecalled with DeepConsensus v1.2,WGS,GENOMIC,size fractionation,single,PACBIO_SMRT,Sequel II,HiFi sequencing of 20kb fractionated gDNA,fastq,Megaruptor 1,SageELF,deepconsensus,1.2,,,Washington University,tgraves@wustl.edu,HG00741.m64136_200627_000247.dc.q20.fastq.gz,1433288,35705344983,35.71,45,51631,24911,21812,24386,27516,22400,25131,28413,s3://human-pangenomics/working/HPRC/HG00741/raw_data/PacBio_HiFi/deepconsensus/v1pt2/HG00741.m64136_200627_000247.dc.q20.fastq.gz,HPRC_DEEPCONSENSUS_v1pt2_2023_12_q20,unaligned reads,,11.52,0.529066
HG00741,,SRP305758,PRJNA701308,SAMN17861656,HG00741_lib1_dc_m64136_200628_062837,PacBio HiFi sequencing of HG00741 rebasecalled with DeepConsensus v1.2,WGS,GENOMIC,size fractionation,single,PACBIO_SMRT,Sequel II,HiFi sequencing of 20kb fractionated gDNA,fastq,Megaruptor 1,SageELF,deepconsensus,1.2,,,Washington University,tgraves@wustl.edu,HG00741.m64136_200628_062837.dc.q20.fastq.gz,1536072,38341894145,38.34,43,51393,24961,21860,24427,27560,22450,25173,28465,s3://human-pangenomics/working/HPRC/HG00741/raw_data/PacBio_HiFi/deepconsensus/v1pt2/HG00741.m64136_200628_062837.dc.q20.fastq.gz,HPRC_DEEPCONSENSUS_v1pt2_2023_12_q20,unaligned reads,,12.37,0.517678
HG00741,,SRP305758,PRJNA701308,SAMN17861656,HG00741_lib1_dc_m64136_200629_125431,PacBio HiFi sequencing of HG00741 rebasecalled with DeepConsensus v1.2,WGS,GENOMIC,size fractionation,single,PACBIO_SMRT,Sequel II,HiFi sequencing of 20kb fractionated gDNA,fastq,Megaruptor 1,SageELF,deepconsensus,1.2,,,Washington University,tgraves@wustl.edu,HG00741.m64136_200629_125431.dc.q20.fastq.gz,1462598,36432820327,36.43,45,51261,24909,21817,24375,27502,22406,25118,28395,s3://human-pangenomics/working/HPRC/HG00741/raw_data/PacBio_HiFi/deepconsensus/v1pt2/HG00741.m64136_200629_125431.dc.q20.fastq.gz,HPRC_DEEPCONSENSUS_v1pt2_2023_12_q20,unaligned reads,,11.75,0.535128
HG01071,SRR30729186,SRP305758,PRJNA701308,SAMN17861657,HG01071_lib1_dc_m64043_220520_191036,PacBio HiFi sequencing of HG01071 rebasecalled with DeepConsensus v1.2,WGS,GENOMIC,size fractionation,single,PACBIO_SMRT,Sequel II,HiFi sequencing of 20kb fractionated gDNA,fastq,Megaruptor 1,SageELF,deepconsensus,1.2,P2.2,C2,Washington University,tgraves@wustl.edu,HG01071.m64043_220520_191036.dc.q20.fastq.gz,2572055,53155024557,53.16,228,70139,20666,18966,20289,22001,19158,20550,22363,s3://human-pangenomics/working/HPRC/HG01071/raw_data/PacBio_HiFi/deepconsensus/v1pt2/HG01071.m64043_220520_191036.dc.q20.fastq.gz,HPRC_DEEPCONSENSUS_v1pt2_2024_02_q20_re-run,unaligned reads,,17.15,0.540307
HG01071,SRR30729155,SRP305758,PRJNA701308,SAMN17861657,HG01071_lib1_dc_m64043_220522_151822,PacBio HiFi sequencing of HG01071 rebasecalled with DeepConsensus v1.2,WGS,GENOMIC,size fractionation,single,PACBIO_SMRT,Sequel II,HiFi sequencing of 20kb fractionated gDNA,fastq,Megaruptor 1,SageELF,deepconsensus,1.2,P2.2,C2,Washington University,tgraves@wustl.edu,HG01071.m64043_220522_151822.dc.q20.fastq.gz,1949910,40336819520,40.34,180,63502,20686,18973,20302,22030,19167,20569,22396,s3://human-pangenomics/working/HPRC/HG01071/raw_data/PacBio_HiFi/deepconsensus/v1pt2/HG01071.m64043_220522_151822.dc.q20.fastq.gz,HPRC_DEEPCONSENSUS_v1pt2_2024_02_q20_re-run,unaligned reads,,13.01,0.545444
HG01071,,SRP305758,PRJNA701308,SAMN17861657,HG01071_lib1_dc_m64136_200702_173125,PacBio HiFi sequencing of HG01071 rebasecalled with DeepConsensus v1.2,WGS,GENOMIC,size fractionation,single,PACBIO_SMRT,Sequel II,HiFi sequencing of 20kb fractionated gDNA,fastq,Megaruptor 1,SageELF,deepconsensus,1.2,,,Washington University,tgraves@wustl.edu,HG01071.m64136_200702_173125.dc.q20.fastq.gz,1337979,36054421248,36.05,9,51737,26946,23583,26389,29791,24246,27208,30774,s3://human-pangenomics/working/HPRC/HG01071/raw_data/PacBio_HiFi/deepconsensus/v1pt2/HG01071.m64136_200702_173125.dc.q20.fastq.gz,HPRC_DEEPCONSENSUS_v1pt2_2023_12_q20,unaligned reads,,11.63,0.560075
HG01071,,SRP305758,PRJNA701308,SAMN17861657,HG01071_lib1_dc_m64136_200703_234438,PacBio HiFi sequencing of HG01071 rebasecalled with DeepConsensus v1.2,WGS,GENOMIC,size fractionation,single,PACBIO_SMRT,Sequel II,HiFi sequencing of 20kb fractionated gDNA,fastq,Megaruptor 1,SageELF,deepconsensus,1.2,,,Washington University,tgraves@wustl.edu,HG01071.m64136_200703_234438.dc.q20.fastq.gz,1198478,32275737629,32.28,45,51782,26930,23559,26436,29791,24244,27244,30749,s3://human-pangenomics/working/HPRC/HG01071/raw_data/PacBio_HiFi/deepconsensus/v1pt2/HG01071.m64136_200703_234438.dc.q20.fastq.gz,HPRC_DEEPCONSENSUS_v1pt2_2023_12_q20,unaligned reads,,10.41,0.570628
HG01071,,SRP305758,PRJNA701308,SAMN17861657,HG01071_lib1_dc_m64136_200705_061033,PacBio HiFi sequencing of HG01071 rebasecalled with DeepConsensus v1.2,WGS,GENOMIC,size fractionation,single,PACBIO_SMRT,Sequel II,HiFi sequencing of 20kb fractionated gDNA,fastq,Megaruptor 1,SageELF,deepconsensus,1.2,,,Washington University,tgraves@wustl.edu,HG01071.m64136_200705_061033.dc.q20.fastq.gz,1257376,33855544665,33.86,2,53448,26925,23557,26402,29781,24237,27213,30750,s3://human-pangenomics/working/HPRC/HG01071/raw_data/PacBio_HiFi/deepconsensus/v1pt2/HG01071.m64136_200705_061033.dc.q20.fastq.gz,HPRC_DEEPCONSENSUS_v1pt2_2023_12_q20,unaligned reads,,10.92,0.559705
HG01071,,SRP305758,PRJNA701308,SAMN17861657,HG01071_lib1_dc_m64136_200706_123635,PacBio HiFi sequencing of HG01071 rebasecalled with DeepConsensus v1.2,WGS,GENOMIC,size fractionation,single,PACBIO_SMRT,Sequel II,HiFi sequencing of 20kb fractionated gDNA,fastq,Megaruptor 1,SageELF,deepconsensus,1.2,,,Washington University,tgraves@wustl.edu,HG01071.m64136_200706_123635.dc.q20.fastq.gz,1259306,34019840175,34.02,43,54699,27014,23635,26510,29887,24317,27324,30862,s3://human-pangenomics/working/HPRC/HG01071/raw_data/PacBio_HiFi/deepconsensus/v1pt2/HG01071.m64136_200706_123635.dc.q20.fastq.gz,HPRC_DEEPCONSENSUS_v1pt2_2023_12_q20,unaligned reads,,10.97,0.565457
HG01074,SRR26545303,SRP305758,PRJNA701308,SAMN33758782,HG01074_SRE.HFSS_dc,PacBio HiFi sequencing of HG01074 rebasecalled with DeepConsensus v1.2,WGS,GENOMIC,size fractionation,single,PACBIO_SMRT,Sequel II,HiFi sequencing of 20kb fractionated gDNA,fastq,Megaruptor 3,PippinHT,deepconsensus,1.2,P2,C2,University of Washington,kmiyamot@uw.edu,HG01074.m54329U_211110_112322.dc.q20.fastq.gz,922809,19456910571,19.46,418,74720,21084,17558,20064,23620,18194,21114,25068,s3://human-pangenomics/working/HPRC/HG01074/raw_data/PacBio_HiFi/deepconsensus/v1pt2/HG01074.m54329U_211110_112322.dc.q20.fastq.gz,HPRC_DEEPCONSENSUS_v1pt2_2023_08_q20,unaligned reads,,6.28,
HG01074,SRR26545303,SRP305758,PRJNA701308,SAMN33758782,HG01074_SRE.HFSS_dc,PacBio HiFi sequencing of HG01074 rebasecalled with DeepConsensus v1.2,WGS,GENOMIC,size fractionation,single,PACBIO_SMRT,Sequel II,HiFi sequencing of 20kb fractionated gDNA,fastq,Megaruptor 3,PippinHT,deepconsensus,1.2,P2,C2,University of Washington,kmiyamot@uw.edu,HG01074.m54329U_211208_005551.dc.q20.fastq.gz,2101481,40209647823,40.21,281,63840,19133,15825,18284,21660,16494,19325,23013,s3://human-pangenomics/working/HPRC/HG01074/raw_data/PacBio_HiFi/deepconsensus/v1pt2/HG01074.m54329U_211208_005551.dc.q20.fastq.gz,HPRC_DEEPCONSENSUS_v1pt2_2023_08_q20,unaligned reads,,12.97,
HG01074,SRR26545303,SRP305758,PRJNA701308,SAMN33758782,HG01074_SRE.HFSS_dc,PacBio HiFi sequencing of HG01074 rebasecalled with DeepConsensus v1.2,WGS,GENOMIC,size fractionation,single,PACBIO_SMRT,Sequel II,HiFi sequencing of 20kb fractionated gDNA,fastq,Megaruptor 3,PippinHT,deepconsensus,1.2,P2,C2,University of Washington,kmiyamot@uw.edu,HG01074.m54329U_211211_014820.dc.q20.fastq.gz,2189425,42043092402,42.04,730,62020,19202,15864,18339,21742,16548,19395,23125,s3://human-pangenomics/working/HPRC/HG01074/raw_data/PacBio_HiFi/deepconsensus/v1pt2/HG01074.m54329U_211211_014820.dc.q20.fastq.gz,HPRC_DEEPCONSENSUS_v1pt2_2023_08_q20,unaligned reads,,13.56,
HG01074,SRR26545303,SRP305758,PRJNA701308,SAMN33758782,HG01074_SRE.HFSS_dc,PacBio HiFi sequencing of HG01074 rebasecalled with DeepConsensus v1.2,WGS,GENOMIC,size fractionation,single,PACBIO_SMRT,Sequel II,HiFi sequencing of 20kb fractionated gDNA,fastq,Megaruptor 3,PippinHT,deepconsensus,1.2,P2,C2,University of Washington,kmiyamot@uw.edu,HG01074.m54329U_211212_111219.dc.q20.fastq.gz,2180708,41993964579,41.99,374,59550,19257,15898,18396,21811,16592,19457,23203,s3://human-pangenomics/working/HPRC/HG01074/raw_data/PacBio_HiFi/deepconsensus/v1pt2/HG01074.m54329U_211212_111219.dc.q20.fastq.gz,HPRC_DEEPCONSENSUS_v1pt2_2023_08_q20,unaligned reads,,13.55,
HG01081,SRR26545302,SRP305758,PRJNA701308,SAMN33758783,HG01081.HFSS_dc,PacBio HiFi sequencing of HG01081 rebasecalled with DeepConsensus v1.2,WGS,GENOMIC,size fractionation,single,PACBIO_SMRT,Sequel II,HiFi sequencing of 20kb fractionated gDNA,fastq,Megaruptor 3,PippinHT,deepconsensus,1.2,P2,C2,University of Washington,kmiyamot@uw.edu,HG01081.m54329U_211223_214216.dc.q20.fastq.gz,2161506,42242556204,42.24,259,68446,19543,15202,18735,23108,16682,20603,25265,s3://human-pangenomics/working/HPRC/HG01081/raw_data/PacBio_HiFi/deepconsensus/v1pt2/HG01081.m54329U_211223_214216.dc.q20.fastq.gz,HPRC_DEEPCONSENSUS_v1pt2_2023_08_q20,unaligned reads,,13.63,
HG01081,SRR26545302,SRP305758,PRJNA701308,SAMN33758783,HG01081.HFSS_dc,PacBio HiFi sequencing of HG01081 rebasecalled with DeepConsensus v1.2,WGS,GENOMIC,size fractionation,single,PACBIO_SMRT,Sequel II,HiFi sequencing of 20kb fractionated gDNA,fastq,Megaruptor 3,PippinHT,deepconsensus,1.2,P2,C2,University of Washington,kmiyamot@uw.edu,HG01081.m54329U_220101_220852.dc.q20.fastq.gz,2308966,45580077040,45.58,202,79823,19740,15335,18931,23356,16828,20813,25499,s3://human-pangenomics/working/HPRC/HG01081/raw_data/PacBio_HiFi/deepconsensus/v1pt2/HG01081.m54329U_220101_220852.dc.q20.fastq.gz,HPRC_DEEPCONSENSUS_v1pt2_2023_08_q20,unaligned reads,,14.7,
HG01081,SRR26545302,SRP305758,PRJNA701308,SAMN33758783,HG01081.HFSS_dc,PacBio HiFi sequencing of HG01081 rebasecalled with DeepConsensus v1.2,WGS,GENOMIC,size fractionation,single,PACBIO_SMRT,Sequel II,HiFi sequencing of 20kb fractionated gDNA,fastq,Megaruptor 3,PippinHT,deepconsensus,1.2,P2,C2,University of Washington,kmiyamot@uw.edu,HG01081.m54329U_220103_072943.dc.q20.fastq.gz,2189086,43269138445,43.27,376,70904,19765,15348,18956,23392,16856,20831,25540,s3://human-pangenomics/working/HPRC/HG01081/raw_data/PacBio_HiFi/deepconsensus/v1pt2/HG01081.m54329U_220103_072943.dc.q20.fastq.gz,HPRC_DEEPCONSENSUS_v1pt2_2023_08_q20,unaligned reads,,13.96,
HG01099,SRR25618908,SRP305758,PRJNA701308,SAMN26237494,HG01099_lib1_dc,PacBio HiFi sequencing of HG01099 rebasecalled with DeepConsensus v1.2,WGS,GENOMIC,size fractionation,single,PACBIO_SMRT,Sequel II,HiFi sequencing of 20kb fractionated gDNA,fastq,Megaruptor 1,SageELF,deepconsensus,1.2,P2.2,C2,Washington University,tgraves@wustl.edu,HG01099.m64043_210704_052805.dc.q20.fastq.gz,2189517,41924133615,41.92,688,51589,19147,16259,18846,21246,16756,19507,21941,s3://human-pangenomics/working/HPRC/HG01099/raw_data/PacBio_HiFi/deepconsensus/v1pt2/HG01099.m64043_210704_052805.dc.q20.fastq.gz,HPRC_DEEPCONSENSUS_v1pt2,unaligned reads,,13.52,
HG01099,SRR25618908,SRP305758,PRJNA701308,SAMN26237494,HG01099_lib1_dc,PacBio HiFi sequencing of HG01099 rebasecalled with DeepConsensus v1.2,WGS,GENOMIC,size fractionation,single,PACBIO_SMRT,Sequel II,HiFi sequencing of 20kb fractionated gDNA,fastq,Megaruptor 1,SageELF,deepconsensus,1.2,P2.2,C2,Washington University,tgraves@wustl.edu,HG01099.m64043_210705_162656.dc.q20.fastq.gz,2234363,42756123029,42.76,44,50351,19135,16254,18838,21230,16747,19503,21923,s3://human-pangenomics/working/HPRC/HG01099/raw_data/PacBio_HiFi/deepconsensus/v1pt2/HG01099.m64043_210705_162656.dc.q20.fastq.gz,HPRC_DEEPCONSENSUS_v1pt2,unaligned reads,,13.79,
HG01099,SRR25618908,SRP305758,PRJNA701308,SAMN26237494,HG01099_lib1_dc,PacBio HiFi sequencing of HG01099 rebasecalled with DeepConsensus v1.2,WGS,GENOMIC,size fractionation,single,PACBIO_SMRT,Sequel II,HiFi sequencing of 20kb fractionated gDNA,fastq,Megaruptor 1,SageELF,deepconsensus,1.2,P2.2,C2,Washington University,tgraves@wustl.edu,HG01099.m64043_210707_032602.dc.q20.fastq.gz,1800865,34016003739,34.02,86,49806,18888,16092,18537,20954,16534,19229,21626,s3://human-pangenomics/working/HPRC/HG01099/raw_data/PacBio_HiFi/deepconsensus/v1pt2/HG01099.m64043_210707_032602.dc.q20.fastq.gz,HPRC_DEEPCONSENSUS_v1pt2,unaligned reads,,10.97,
HG01106,,SRP305758,PRJNA701308,SAMN17861658,HG01106_lib1_dc_m64043_200625_174853,PacBio HiFi sequencing of HG01106 rebasecalled with DeepConsensus v1.2,WGS,GENOMIC,size fractionation,single,PACBIO_SMRT,Sequel II,HiFi sequencing of 20kb fractionated gDNA,fastq,Megaruptor 1,SageELF,deepconsensus,1.2,,,Washington University,tgraves@wustl.edu,HG01106.m64043_200625_174853.dc.q20.fastq.gz,2040471,45769389828,45.77,44,51874,22430,20150,21857,24217,20441,22291,24838,s3://human-pangenomics/working/HPRC/HG01106/raw_data/PacBio_HiFi/deepconsensus/v1pt2/HG01106.m64043_200625_174853.dc.q20.fastq.gz,HPRC_DEEPCONSENSUS_v1pt2_2023_12_q20,unaligned reads,,14.76,0.583418
HG01106,,SRP305758,PRJNA701308,SAMN17861658,HG01106_lib1_dc_m64043_200627_000137,PacBio HiFi sequencing of HG01106 rebasecalled with DeepConsensus v1.2,WGS,GENOMIC,size fractionation,single,PACBIO_SMRT,Sequel II,HiFi sequencing of 20kb fractionated gDNA,fastq,Megaruptor 1,SageELF,deepconsensus,1.2,,,Washington University,tgraves@wustl.edu,HG01106.m64043_200627_000137.dc.q20.fastq.gz,1807297,40649668841,40.65,26,51653,22491,20183,21894,24284,20475,22337,24930,s3://human-pangenomics/working/HPRC/HG01106/raw_data/PacBio_HiFi/deepconsensus/v1pt2/HG01106.m64043_200627_000137.dc.q20.fastq.gz,HPRC_DEEPCONSENSUS_v1pt2_2023_12_q20,unaligned reads,,13.11,0.591179
HG01106,,SRP305758,PRJNA701308,SAMN17861658,HG01106_lib1_dc_m64043_200628_062711,PacBio HiFi sequencing of HG01106 rebasecalled with DeepConsensus v1.2,WGS,GENOMIC,size fractionation,single,PACBIO_SMRT,Sequel II,HiFi sequencing of 20kb fractionated gDNA,fastq,Megaruptor 1,SageELF,deepconsensus,1.2,,,Washington University,tgraves@wustl.edu,HG01106.m64043_200628_062711.dc.q20.fastq.gz,1942692,43520115702,43.52,46,51407,22401,20127,21814,24162,20417,22243,24796,s3://human-pangenomics/working/HPRC/HG01106/raw_data/PacBio_HiFi/deepconsensus/v1pt2/HG01106.m64043_200628_062711.dc.q20.fastq.gz,HPRC_DEEPCONSENSUS_v1pt2_2023_12_q20,unaligned reads,,14.04,0.587809
HG01106,,SRP305758,PRJNA701308,SAMN17861658,HG01106_lib1_dc_m64043_200629_125238,PacBio HiFi sequencing of HG01106 rebasecalled with DeepConsensus v1.2,WGS,GENOMIC,size fractionation,single,PACBIO_SMRT,Sequel II,HiFi sequencing of 20kb fractionated gDNA,fastq,Megaruptor 1,SageELF,deepconsensus,1.2,,,Washington University,tgraves@wustl.edu,HG01106.m64043_200629_125238.dc.q20.fastq.gz,1985997,44579342998,44.58,43,51158,22446,20161,21859,24218,20450,22293,24857,s3://human-pangenomics/working/HPRC/HG01106/raw_data/PacBio_HiFi/deepconsensus/v1pt2/HG01106.m64043_200629_125238.dc.q20.fastq.gz,HPRC_DEEPCONSENSUS_v1pt2_2023_12_q20,unaligned reads,,14.38,0.573547
HG01123,,SRP305758,PRJNA701308,SAMN17861232,HG01123_HiFiEx_f2_dc_m54329U_200201_051510,PacBio HiFi sequencing of HG01123 rebasecalled with DeepConsensus v1.2,WGS,GENOMIC,size fractionation,single,PACBIO_SMRT,Sequel II,HiFi sequencing of 20kb fractionated gDNA,fastq,g-TUBE,SageELF,deepconsensus,1.2,P2,C2,University of Washington,kmiyamot@uw.edu,HG01123.m54329U_200201_051510.dc.q20.fastq.gz,2406350,40285479261,40.29,28,47438,16741,15033,16527,18225,15343,16882,18634,s3://human-pangenomics/working/HPRC/HG01123/raw_data/PacBio_HiFi/deepconsensus/v1pt2/HG01123.m54329U_200201_051510.dc.q20.fastq.gz,HPRC_DEEPCONSENSUS_v1pt2_2023_12_q20,unaligned reads,,13,0.560639
HG01123,,SRP305758,PRJNA701308,SAMN17861232,HG01123_HiFiEx_f2_dc_m54329U_200203_181235,PacBio HiFi sequencing of HG01123 rebasecalled with DeepConsensus v1.2,WGS,GENOMIC,size fractionation,single,PACBIO_SMRT,Sequel II,HiFi sequencing of 20kb fractionated gDNA,fastq,g-TUBE,SageELF,deepconsensus,1.2,P2,C2,University of Washington,kmiyamot@uw.edu,HG01123.m54329U_200203_181235.dc.q20.fastq.gz,1966930,32775124681,32.78,24,45515,16663,14978,16452,18132,15282,16799,18536,s3://human-pangenomics/working/HPRC/HG01123/raw_data/PacBio_HiFi/deepconsensus/v1pt2/HG01123.m54329U_200203_181235.dc.q20.fastq.gz,HPRC_DEEPCONSENSUS_v1pt2_2023_12_q20,unaligned reads,,10.57,0.555788
HG01123,,SRP305758,PRJNA701308,SAMN17861232,HG01123_HiFiEx_f2_dc_m54329U_200205_002609,PacBio HiFi sequencing of HG01123 rebasecalled with DeepConsensus v1.2,WGS,GENOMIC,size fractionation,single,PACBIO_SMRT,Sequel II,HiFi sequencing of 20kb fractionated gDNA,fastq,g-TUBE,SageELF,deepconsensus,1.2,P2,C2,University of Washington,kmiyamot@uw.edu,HG01123.m54329U_200205_002609.dc.q20.fastq.gz,1776251,29550216030,29.55,27,49327,16636,14962,16431,18105,15265,16777,18504,s3://human-pangenomics/working/HPRC/HG01123/raw_data/PacBio_HiFi/deepconsensus/v1pt2/HG01123.m54329U_200205_002609.dc.q20.fastq.gz,HPRC_DEEPCONSENSUS_v1pt2_2023_12_q20,unaligned reads,,9.53,0.601095
HG01123,,SRP305758,PRJNA701308,SAMN17861232,HG01123_HiFiEx_f2_dc_m54329U_200206_215926,PacBio HiFi sequencing of HG01123 rebasecalled with DeepConsensus v1.2,WGS,GENOMIC,size fractionation,single,PACBIO_SMRT,Sequel II,HiFi sequencing of 20kb fractionated gDNA,fastq,g-TUBE,SageELF,deepconsensus,1.2,P2,C2,University of Washington,kmiyamot@uw.edu,HG01123.m54329U_200206_215926.dc.q20.fastq.gz,2292124,38876866582,38.88,40,50349,16961,15237,16733,18434,15537,17082,18839,s3://human-pangenomics/working/HPRC/HG01123/raw_data/PacBio_HiFi/deepconsensus/v1pt2/HG01123.m54329U_200206_215926.dc.q20.fastq.gz,HPRC_DEEPCONSENSUS_v1pt2_2023_12_q20,unaligned reads,,12.54,0.566867
HG01150,SRR30729211,SRP305758,PRJNA701308,SAMN37797097,HG01150_PB1_dc_m54306Ue_220402_052301,PacBio HiFi sequencing of HG01150 rebasecalled with DeepConsensus v1.2,WGS,GENOMIC,size fractionation,single,PACBIO_SMRT,Sequel II,HiFi sequencing of 20kb fractionated gDNA,fastq,Megaruptor 3,Pippin HT,deepconsensus,1.2,P2,C2,Rockefeller University,vgl-lab@rockefeller.edu,HG01150.m54306Ue_220402_052301.dc.q20.fastq.gz,453398,8219630326,8.22,573,61780,18128,14414,17271,20911,15447,18657,22666,s3://human-pangenomics/working/HPRC/HG01150/raw_data/PacBio_HiFi/deepconsensus/v1pt2/HG01150.m54306Ue_220402_052301.dc.q20.fastq.gz,HPRC_DEEPCONSENSUS_v1pt2_2024_02_q20_re-run,unaligned reads,,2.65,0.666503
HG01150,SRR30729273,SRP305758,PRJNA701308,SAMN37797097,HG01150_PB1_dc_m64330e_220312_183407,PacBio HiFi sequencing of HG01150 rebasecalled with DeepConsensus v1.2,WGS,GENOMIC,size fractionation,single,PACBIO_SMRT,Sequel II,HiFi sequencing of 20kb fractionated gDNA,fastq,Megaruptor 3,Pippin HT,deepconsensus,1.2,P2,C2,Rockefeller University,vgl-lab@rockefeller.edu,HG01150.m64330e_220312_183407.dc.q20.fastq.gz,1974043,37128705436,37.13,154,68829,18808,14734,17869,21933,15956,19514,23991,s3://human-pangenomics/working/HPRC/HG01150/raw_data/PacBio_HiFi/deepconsensus/v1pt2/HG01150.m64330e_220312_183407.dc.q20.fastq.gz,HPRC_DEEPCONSENSUS_v1pt2_2024_02_q20_re-run,unaligned reads,,11.98,0.576814
HG01150,SRR30729262,SRP305758,PRJNA701308,SAMN37797097,HG01150_PB1_dc_m64330e_220314_040416,PacBio HiFi sequencing of HG01150 rebasecalled with DeepConsensus v1.2,WGS,GENOMIC,size fractionation,single,PACBIO_SMRT,Sequel II,HiFi sequencing of 20kb fractionated gDNA,fastq,Megaruptor 3,Pippin HT,deepconsensus,1.2,P2,C2,Rockefeller University,vgl-lab@rockefeller.edu,HG01150.m64330e_220314_040416.dc.q20.fastq.gz,1934818,36083016093,36.08,638,71692,18649,14623,17727,21730,15827,19349,23763,s3://human-pangenomics/working/HPRC/HG01150/raw_data/PacBio_HiFi/deepconsensus/v1pt2/HG01150.m64330e_220314_040416.dc.q20.fastq.gz,HPRC_DEEPCONSENSUS_v1pt2_2024_02_q20_re-run,unaligned reads,,11.64,0.592612
HG01150,SRR30729251,SRP305758,PRJNA701308,SAMN37797097,HG01150_PB1_dc_m64334e_220306_054934,PacBio HiFi sequencing of HG01150 rebasecalled with DeepConsensus v1.2,WGS,GENOMIC,size fractionation,single,PACBIO_SMRT,Sequel II,HiFi sequencing of 20kb fractionated gDNA,fastq,Megaruptor 3,Pippin HT,deepconsensus,1.2,P2,C2,Rockefeller University,vgl-lab@rockefeller.edu,HG01150.m64334e_220306_054934.dc.q20.fastq.gz,1916556,35222480238,35.22,201,77223,18378,14478,17473,21338,15621,19011,23287,s3://human-pangenomics/working/HPRC/HG01150/raw_data/PacBio_HiFi/deepconsensus/v1pt2/HG01150.m64334e_220306_054934.dc.q20.fastq.gz,HPRC_DEEPCONSENSUS_v1pt2_2024_02_q20_re-run,unaligned reads,,11.36,0.613819
HG01150,SRR30729240,SRP305758,PRJNA701308,SAMN37797097,HG01150_PB1_dc_m64334e_220412_183749,PacBio HiFi sequencing of HG01150 rebasecalled with DeepConsensus v1.2,WGS,GENOMIC,size fractionation,single,PACBIO_SMRT,Sequel II,HiFi sequencing of 20kb fractionated gDNA,fastq,Megaruptor 3,Pippin HT,deepconsensus,1.2,P2,C2,Rockefeller University,vgl-lab@rockefeller.edu,HG01150.m64334e_220412_183749.dc.q20.fastq.gz,586289,10748684965,10.75,784,58026,18333,14464,17435,21269,15568,18944,23141,s3://human-pangenomics/working/HPRC/HG01150/raw_data/PacBio_HiFi/deepconsensus/v1pt2/HG01150.m64334e_220412_183749.dc.q20.fastq.gz,HPRC_DEEPCONSENSUS_v1pt2_2024_02_q20_re-run,unaligned reads,,3.47,0.656644
HG01175,,SRP305758,PRJNA701308,SAMN17861659,HG01175_lib1_dc_m64043_200618_201934,PacBio HiFi sequencing of HG01175 rebasecalled with DeepConsensus v1.2,WGS,GENOMIC,size fractionation,single,PACBIO_SMRT,Sequel II,HiFi sequencing of 20kb fractionated gDNA,fastq,Megaruptor 1,SageELF,deepconsensus,1.2,,,Washington University,tgraves@wustl.edu,HG01175.m64043_200618_201934.dc.q20.fastq.gz,1626225,35576801432,35.58,45,52863,21876,19287,21187,23824,19682,21749,24678,s3://human-pangenomics/working/HPRC/HG01175/raw_data/PacBio_HiFi/deepconsensus/v1pt2/HG01175.m64043_200618_201934.dc.q20.fastq.gz,HPRC_DEEPCONSENSUS_v1pt2_2023_12_q20,unaligned reads,,11.48,0.59636
HG01175,,SRP305758,PRJNA701308,SAMN17861659,HG01175_lib1_dc_m64043_200620_173220,PacBio HiFi sequencing of HG01175 rebasecalled with DeepConsensus v1.2,WGS,GENOMIC,size fractionation,single,PACBIO_SMRT,Sequel II,HiFi sequencing of 20kb fractionated gDNA,fastq,Megaruptor 1,SageELF,deepconsensus,1.2,,,Washington University,tgraves@wustl.edu,HG01175.m64043_200620_173220.dc.q20.fastq.gz,1821083,40047205157,40.05,26,51515,21990,19354,21278,23963,19758,21854,24844,s3://human-pangenomics/working/HPRC/HG01175/raw_data/PacBio_HiFi/deepconsensus/v1pt2/HG01175.m64043_200620_173220.dc.q20.fastq.gz,HPRC_DEEPCONSENSUS_v1pt2_2023_12_q20,unaligned reads,,12.92,0.586376
HG01175,,SRP305758,PRJNA701308,SAMN17861659,HG01175_lib1_dc_m64043_200621_234442,PacBio HiFi sequencing of HG01175 rebasecalled with DeepConsensus v1.2,WGS,GENOMIC,size fractionation,single,PACBIO_SMRT,Sequel II,HiFi sequencing of 20kb fractionated gDNA,fastq,Megaruptor 1,SageELF,deepconsensus,1.2,,,Washington University,tgraves@wustl.edu,HG01175.m64043_200621_234442.dc.q20.fastq.gz,1501355,32834445039,32.83,43,50578,21869,19289,21163,23774,19680,21718,24645,s3://human-pangenomics/working/HPRC/HG01175/raw_data/PacBio_HiFi/deepconsensus/v1pt2/HG01175.m64043_200621_234442.dc.q20.fastq.gz,HPRC_DEEPCONSENSUS_v1pt2_2023_12_q20,unaligned reads,,10.59,0.581734
HG01175,,SRP305758,PRJNA701308,SAMN17861659,HG01175_lib1_dc_m64043_200623_060946,PacBio HiFi sequencing of HG01175 rebasecalled with DeepConsensus v1.2,WGS,GENOMIC,size fractionation,single,PACBIO_SMRT,Sequel II,HiFi sequencing of 20kb fractionated gDNA,fastq,Megaruptor 1,SageELF,deepconsensus,1.2,,,Washington University,tgraves@wustl.edu,HG01175.m64043_200623_060946.dc.q20.fastq.gz,1546575,33858545661,33.86,32,52501,21892,19300,21184,23800,19690,21739,24679,s3://human-pangenomics/working/HPRC/HG01175/raw_data/PacBio_HiFi/deepconsensus/v1pt2/HG01175.m64043_200623_060946.dc.q20.fastq.gz,HPRC_DEEPCONSENSUS_v1pt2_2023_12_q20,unaligned reads,,10.92,0.593138
HG01192,SRR26545345,SRP305758,PRJNA701308,SAMN33621945,HG01192_lib1_dc,PacBio HiFi sequencing of HG01192 rebasecalled with DeepConsensus v1.2,WGS,GENOMIC,size fractionation,single,PACBIO_SMRT,Sequel II,HiFi sequencing of 20kb fractionated gDNA,fastq,Megaruptor 3,PippinHT,deepconsensus,1.2,P2,C2,University of Washington,kmiyamot@uw.edu,HG01192.m64043_211124_192057.dc.q20.fastq.gz,2219197,45839976333,45.84,198,65995,20656,18096,19934,22553,18484,20515,23451,s3://human-pangenomics/working/HPRC/HG01192/raw_data/PacBio_HiFi/deepconsensus/v1pt2/HG01192.m64043_211124_192057.dc.q20.fastq.gz,HPRC_DEEPCONSENSUS_v1pt2_2023_08_q20,unaligned reads,,14.79,
HG01192,SRR26545345,SRP305758,PRJNA701308,SAMN33621945,HG01192_lib1_dc,PacBio HiFi sequencing of HG01192 rebasecalled with DeepConsensus v1.2,WGS,GENOMIC,size fractionation,single,PACBIO_SMRT,Sequel II,HiFi sequencing of 20kb fractionated gDNA,fastq,Megaruptor 3,PippinHT,deepconsensus,1.2,P2,C2,University of Washington,kmiyamot@uw.edu,HG01192.m64043_211126_061537.dc.q20.fastq.gz,2253699,46575985623,46.58,238,60586,20666,18104,19942,22564,18491,20524,23468,s3://human-pangenomics/working/HPRC/HG01192/raw_data/PacBio_HiFi/deepconsensus/v1pt2/HG01192.m64043_211126_061537.dc.q20.fastq.gz,HPRC_DEEPCONSENSUS_v1pt2_2023_08_q20,unaligned reads,,15.02,
HG01192,SRR26545345,SRP305758,PRJNA701308,SAMN33621945,HG01192_lib1_dc,PacBio HiFi sequencing of HG01192 rebasecalled with DeepConsensus v1.2,WGS,GENOMIC,size fractionation,single,PACBIO_SMRT,Sequel II,HiFi sequencing of 20kb fractionated gDNA,fastq,Megaruptor 3,PippinHT,deepconsensus,1.2,P2,C2,University of Washington,kmiyamot@uw.edu,HG01192.m64043_211127_171224.dc.q20.fastq.gz,2185151,45126773490,45.13,82,57633,20651,18091,19926,22550,18481,20508,23454,s3://human-pangenomics/working/HPRC/HG01192/raw_data/PacBio_HiFi/deepconsensus/v1pt2/HG01192.m64043_211127_171224.dc.q20.fastq.gz,HPRC_DEEPCONSENSUS_v1pt2_2023_08_q20,unaligned reads,,14.56,
HG01252,SRR30729198,SRP305758,PRJNA701308,SAMN37797098,HG01252_PB1_dc_m54306Ue_220228_165421,PacBio HiFi sequencing of HG01252 rebasecalled with DeepConsensus v1.2,WGS,GENOMIC,size fractionation,single,PACBIO_SMRT,Sequel II,HiFi sequencing of 20kb fractionated gDNA,fastq,Megaruptor 3,Pippin HT,deepconsensus,1.2,P2,C2,Rockefeller University,vgl-lab@rockefeller.edu,HG01252.m54306Ue_220228_165421.dc.q20.fastq.gz,1148229,25231989335,25.23,424,63813,21974,18130,20787,24677,18844,21998,26400,s3://human-pangenomics/working/HPRC/HG01252/raw_data/PacBio_HiFi/deepconsensus/v1pt2/HG01252.m54306Ue_220228_165421.dc.q20.fastq.gz,HPRC_DEEPCONSENSUS_v1pt2_2024_02_q20_re-run,unaligned reads,,8.14,0.57085
HG01252,SRR30729200,SRP305758,PRJNA701308,SAMN37797098,HG01252_PB1_dc_m54306Ue_220419_182803,PacBio HiFi sequencing of HG01252 rebasecalled with DeepConsensus v1.2,WGS,GENOMIC,size fractionation,single,PACBIO_SMRT,Sequel II,HiFi sequencing of 20kb fractionated gDNA,fastq,Megaruptor 3,Pippin HT,deepconsensus,1.2,P2,C2,Rockefeller University,vgl-lab@rockefeller.edu,HG01252.m54306Ue_220419_182803.dc.q20.fastq.gz,1439888,27542218277,27.54,114,72766,19128,14876,18165,22352,16190,19901,24494,s3://human-pangenomics/working/HPRC/HG01252/raw_data/PacBio_HiFi/deepconsensus/v1pt2/HG01252.m54306Ue_220419_182803.dc.q20.fastq.gz,HPRC_DEEPCONSENSUS_v1pt2_2024_02_q20_re-run,unaligned reads,,8.88,0.566977
HG01252,SRR30729197,SRP305758,PRJNA701308,SAMN37797098,HG01252_PB1_dc_m64330e_220306_155049,PacBio HiFi sequencing of HG01252 rebasecalled with DeepConsensus v1.2,WGS,GENOMIC,size fractionation,single,PACBIO_SMRT,Sequel II,HiFi sequencing of 20kb fractionated gDNA,fastq,Megaruptor 3,Pippin HT,deepconsensus,1.2,P2,C2,Rockefeller University,vgl-lab@rockefeller.edu,HG01252.m64330e_220306_155049.dc.q20.fastq.gz,1376698,25418645580,25.42,319,70363,18463,13964,17327,21866,15414,19390,24448,s3://human-pangenomics/working/HPRC/HG01252/raw_data/PacBio_HiFi/deepconsensus/v1pt2/HG01252.m64330e_220306_155049.dc.q20.fastq.gz,HPRC_DEEPCONSENSUS_v1pt2_2024_02_q20_re-run,unaligned reads,,8.2,0.590046
HG01252,SRR30729196,SRP305758,PRJNA701308,SAMN37797098,HG01252_PB1_dc_m64330e_220414_054422,PacBio HiFi sequencing of HG01252 rebasecalled with DeepConsensus v1.2,WGS,GENOMIC,size fractionation,single,PACBIO_SMRT,Sequel II,HiFi sequencing of 20kb fractionated gDNA,fastq,Megaruptor 3,Pippin HT,deepconsensus,1.2,P2,C2,Rockefeller University,vgl-lab@rockefeller.edu,HG01252.m64330e_220414_054422.dc.q20.fastq.gz,1350310,25905718989,25.91,615,67082,19185,14947,18217,22379,16241,19935,24543,s3://human-pangenomics/working/HPRC/HG01252/raw_data/PacBio_HiFi/deepconsensus/v1pt2/HG01252.m64330e_220414_054422.dc.q20.fastq.gz,HPRC_DEEPCONSENSUS_v1pt2_2024_02_q20_re-run,unaligned reads,,8.36,0.593747
HG01252,SRR30729175,SRP305758,PRJNA701308,SAMN37797098,HG01252_PB1_dc_m64334e_220419_183840,PacBio HiFi sequencing of HG01252 rebasecalled with DeepConsensus v1.2,WGS,GENOMIC,size fractionation,single,PACBIO_SMRT,Sequel II,HiFi sequencing of 20kb fractionated gDNA,fastq,Megaruptor 3,Pippin HT,deepconsensus,1.2,P2,C2,Rockefeller University,vgl-lab@rockefeller.edu,HG01252.m64334e_220419_183840.dc.q20.fastq.gz,1280904,24540390326,24.54,826,62515,19158,14891,18187,22390,16210,19941,24552,s3://human-pangenomics/working/HPRC/HG01252/raw_data/PacBio_HiFi/deepconsensus/v1pt2/HG01252.m64334e_220419_183840.dc.q20.fastq.gz,HPRC_DEEPCONSENSUS_v1pt2_2024_02_q20_re-run,unaligned reads,,7.92,0.603495
HG01255,SRR25618907,SRP305758,PRJNA701308,SAMN26237495,HG01255_lib1_dc,PacBio HiFi sequencing of HG01255 rebasecalled with DeepConsensus v1.2,WGS,GENOMIC,size fractionation,single,PACBIO_SMRT,Sequel II,HiFi sequencing of 20kb fractionated gDNA,fastq,Megaruptor 1,SageELF,deepconsensus,1.2,P2.2,C2,Washington University,tgraves@wustl.edu,HG01255.m64043_210520_180149.dc.q20.fastq.gz,1776750,36164450083,36.16,335,50274,20354,17026,19224,22626,17476,20310,23897,s3://human-pangenomics/working/HPRC/HG01255/raw_data/PacBio_HiFi/deepconsensus/v1pt2/HG01255.m64043_210520_180149.dc.q20.fastq.gz,HPRC_DEEPCONSENSUS_v1pt2,unaligned reads,,11.67,
HG01255,SRR25618907,SRP305758,PRJNA701308,SAMN26237495,HG01255_lib1_dc,PacBio HiFi sequencing of HG01255 rebasecalled with DeepConsensus v1.2,WGS,GENOMIC,size fractionation,single,PACBIO_SMRT,Sequel II,HiFi sequencing of 20kb fractionated gDNA,fastq,Megaruptor 1,SageELF,deepconsensus,1.2,P2.2,C2,Washington University,tgraves@wustl.edu,HG01255.m64136_210516_022225.dc.q20.fastq.gz,1870310,39097500368,39.1,46,51051,20904,17358,19974,23358,17913,21029,24676,s3://human-pangenomics/working/HPRC/HG01255/raw_data/PacBio_HiFi/deepconsensus/v1pt2/HG01255.m64136_210516_022225.dc.q20.fastq.gz,HPRC_DEEPCONSENSUS_v1pt2,unaligned reads,,12.61,
HG01255,SRR25618907,SRP305758,PRJNA701308,SAMN26237495,HG01255_lib1_dc,PacBio HiFi sequencing of HG01255 rebasecalled with DeepConsensus v1.2,WGS,GENOMIC,size fractionation,single,PACBIO_SMRT,Sequel II,HiFi sequencing of 20kb fractionated gDNA,fastq,Megaruptor 1,SageELF,deepconsensus,1.2,P2.2,C2,Washington University,tgraves@wustl.edu,HG01255.m64136_210519_033858.dc.q20.fastq.gz,1710139,35503860504,35.5,110,50530,20760,17276,19784,23167,17799,20845,24457,s3://human-pangenomics/working/HPRC/HG01255/raw_data/PacBio_HiFi/deepconsensus/v1pt2/HG01255.m64136_210519_033858.dc.q20.fastq.gz,HPRC_DEEPCONSENSUS_v1pt2,unaligned reads,,11.45,
HG01258,,SRP305758,PRJNA701308,SAMN17861233,HG01258.HiFiEx_f1_dc_m64076_200306_185917,PacBio HiFi sequencing of HG01258 rebasecalled with DeepConsensus v1.2,WGS,GENOMIC,size fractionation,single,PACBIO_SMRT,Sequel II,HiFi sequencing of 20kb fractionated gDNA,fastq,g-TUBE,SageELF,deepconsensus,1.2,P2,C2,University of Washington,kmiyamot@uw.edu,HG01258.m64076_200306_185917.dc.q20.fastq.gz,1615435,31362647658,31.36,2,50799,19414,16849,19096,21875,17503,19890,22779,s3://human-pangenomics/working/HPRC/HG01258/raw_data/PacBio_HiFi/deepconsensus/v1pt2/HG01258.m64076_200306_185917.dc.q20.fastq.gz,HPRC_DEEPCONSENSUS_v1pt2_2023_12_q20,unaligned reads,,10.12,0.596667
HG01258,,SRP305758,PRJNA701308,SAMN17861233,HG01258.HiFiEx_f1_dc_m64076_200308_194406,PacBio HiFi sequencing of HG01258 rebasecalled with DeepConsensus v1.2,WGS,GENOMIC,size fractionation,single,PACBIO_SMRT,Sequel II,HiFi sequencing of 20kb fractionated gDNA,fastq,g-TUBE,SageELF,deepconsensus,1.2,P2,C2,University of Washington,kmiyamot@uw.edu,HG01258.m64076_200308_194406.dc.q20.fastq.gz,1745900,35613490160,35.61,27,51099,20398,17630,20006,22834,18262,20792,23703,s3://human-pangenomics/working/HPRC/HG01258/raw_data/PacBio_HiFi/deepconsensus/v1pt2/HG01258.m64076_200308_194406.dc.q20.fastq.gz,HPRC_DEEPCONSENSUS_v1pt2_2023_12_q20,unaligned reads,,11.49,0.618202
HG01258,,SRP305758,PRJNA701308,SAMN17861233,HG01258.HiFiEx_f1_dc_m64076_200310_015720,PacBio HiFi sequencing of HG01258 rebasecalled with DeepConsensus v1.2,WGS,GENOMIC,size fractionation,single,PACBIO_SMRT,Sequel II,HiFi sequencing of 20kb fractionated gDNA,fastq,g-TUBE,SageELF,deepconsensus,1.2,P2,C2,University of Washington,kmiyamot@uw.edu,HG01258.m64076_200310_015720.dc.q20.fastq.gz,1531648,31105558625,31.11,21,50818,20308,17566,19893,22688,18176,20651,23554,s3://human-pangenomics/working/HPRC/HG01258/raw_data/PacBio_HiFi/deepconsensus/v1pt2/HG01258.m64076_200310_015720.dc.q20.fastq.gz,HPRC_DEEPCONSENSUS_v1pt2_2023_12_q20,unaligned reads,,10.04,0.595969
HG01258,,SRP305758,PRJNA701308,SAMN17861233,HG01258.HiFiEx_f1_dc_m64076_200311_082315,PacBio HiFi sequencing of HG01258 rebasecalled with DeepConsensus v1.2,WGS,GENOMIC,size fractionation,single,PACBIO_SMRT,Sequel II,HiFi sequencing of 20kb fractionated gDNA,fastq,g-TUBE,SageELF,deepconsensus,1.2,P2,C2,University of Washington,kmiyamot@uw.edu,HG01258.m64076_200311_082315.dc.q20.fastq.gz,1718001,34679641675,34.68,39,51684,20186,17444,19763,22559,18052,20524,23433,s3://human-pangenomics/working/HPRC/HG01258/raw_data/PacBio_HiFi/deepconsensus/v1pt2/HG01258.m64076_200311_082315.dc.q20.fastq.gz,HPRC_DEEPCONSENSUS_v1pt2_2023_12_q20,unaligned reads,,11.19,0.576435
HG01261,SRR26545344,SRP305758,PRJNA701308,SAMN33621946,HG01261_lib1_dc,PacBio HiFi sequencing of HG01261 rebasecalled with DeepConsensus v1.2,WGS,GENOMIC,size fractionation,single,PACBIO_SMRT,Sequel II,HiFi sequencing of 20kb fractionated gDNA,fastq,Megaruptor 3,PippinHT,deepconsensus,1.2,P2,C2,University of Washington,kmiyamot@uw.edu,HG01261.m64043_211222_184851.dc.q20.fastq.gz,761247,16053597328,16.05,724,72765,21088,18087,19676,22781,18396,20306,24573,s3://human-pangenomics/working/HPRC/HG01261/raw_data/PacBio_HiFi/deepconsensus/v1pt2/HG01261.m64043_211222_184851.dc.q20.fastq.gz,HPRC_DEEPCONSENSUS_v1pt2_2023_08_q20,unaligned reads,,5.18,
HG01261,SRR26545344,SRP305758,PRJNA701308,SAMN33621946,HG01261_lib1_dc,PacBio HiFi sequencing of HG01261 rebasecalled with DeepConsensus v1.2,WGS,GENOMIC,size fractionation,single,PACBIO_SMRT,Sequel II,HiFi sequencing of 20kb fractionated gDNA,fastq,Megaruptor 3,PippinHT,deepconsensus,1.2,P2,C2,University of Washington,kmiyamot@uw.edu,HG01261.m64136_211105_181124.dc.q20.fastq.gz,1808184,38227743168,38.23,1050,71125,21141,18117,19708,22830,18426,20343,24646,s3://human-pangenomics/working/HPRC/HG01261/raw_data/PacBio_HiFi/deepconsensus/v1pt2/HG01261.m64136_211105_181124.dc.q20.fastq.gz,HPRC_DEEPCONSENSUS_v1pt2_2023_08_q20,unaligned reads,,12.33,
HG01261,SRR26545344,SRP305758,PRJNA701308,SAMN33621946,HG01261_lib1_dc,PacBio HiFi sequencing of HG01261 rebasecalled with DeepConsensus v1.2,WGS,GENOMIC,size fractionation,single,PACBIO_SMRT,Sequel II,HiFi sequencing of 20kb fractionated gDNA,fastq,Megaruptor 3,PippinHT,deepconsensus,1.2,P2,C2,University of Washington,kmiyamot@uw.edu,HG01261.m64136_211107_050725.dc.q20.fastq.gz,1853207,39578341050,39.58,365,70912,21356,18201,19866,23276,18534,20558,25081,s3://human-pangenomics/working/HPRC/HG01261/raw_data/PacBio_HiFi/deepconsensus/v1pt2/HG01261.m64136_211107_050725.dc.q20.fastq.gz,HPRC_DEEPCONSENSUS_v1pt2_2023_08_q20,unaligned reads,,12.77,
HG01261,SRR26545344,SRP305758,PRJNA701308,SAMN33621946,HG01261_lib1_dc,PacBio HiFi sequencing of HG01261 rebasecalled with DeepConsensus v1.2,WGS,GENOMIC,size fractionation,single,PACBIO_SMRT,Sequel II,HiFi sequencing of 20kb fractionated gDNA,fastq,Megaruptor 3,PippinHT,deepconsensus,1.2,P2,C2,University of Washington,kmiyamot@uw.edu,HG01261.m64136_211108_160613.dc.q20.fastq.gz,1838503,38910766182,38.91,426,75334,21164,18136,19737,22882,18448,20373,24675,s3://human-pangenomics/working/HPRC/HG01261/raw_data/PacBio_HiFi/deepconsensus/v1pt2/HG01261.m64136_211108_160613.dc.q20.fastq.gz,HPRC_DEEPCONSENSUS_v1pt2_2023_08_q20,unaligned reads,,12.55,
HG01346,SRR25618906,SRP305758,PRJNA701308,SAMN26267379,HG01346.HFSS_dc,PacBio HiFi sequencing of HG01346 rebasecalled with DeepConsensus v1.2,WGS,GENOMIC,size fractionation,single,PACBIO_SMRT,Sequel II,HiFi sequencing of 20kb fractionated gDNA,fastq,Megaruptor 3,PippinHT,deepconsensus,1.2,P2.2,C2,University of Washington,kmiyamot@uw.edu,HG01346.m54329U_210624_221223.dc.q20.fastq.gz,2203716,40696610819,40.7,54,49640,18467,15686,17718,20609,16153,18480,21647,s3://human-pangenomics/working/HPRC/HG01346/raw_data/PacBio_HiFi/deepconsensus/v1pt2/HG01346.m54329U_210624_221223.dc.q20.fastq.gz,HPRC_DEEPCONSENSUS_v1pt2,unaligned reads,,13.13,
HG01346,SRR25618905,SRP305758,PRJNA701308,SAMN26267379,HG01346_f345_dc,PacBio HiFi sequencing of HG01346 rebasecalled with DeepConsensus v1.2,WGS,GENOMIC,size fractionation,single,PACBIO_SMRT,Sequel II,HiFi sequencing of 20kb fractionated gDNA,fastq,Megaruptor 3,SageELF,deepconsensus,1.2,P2.2,C2,University of Washington,kmiyamot@uw.edu,HG01346.m64076_210526_105450.dc.q20.fastq.gz,1215785,22213681953,22.21,44,45795,18271,15841,18368,19888,16286,18725,20219,s3://human-pangenomics/working/HPRC/HG01346/raw_data/PacBio_HiFi/deepconsensus/v1pt2/HG01346.m64076_210526_105450.dc.q20.fastq.gz,HPRC_DEEPCONSENSUS_v1pt2,unaligned reads,,7.17,
HG01346,SRR25618906,SRP305758,PRJNA701308,SAMN26267379,HG01346.HFSS_dc,PacBio HiFi sequencing of HG01346 rebasecalled with DeepConsensus v1.2,WGS,GENOMIC,size fractionation,single,PACBIO_SMRT,Sequel II,HiFi sequencing of 20kb fractionated gDNA,fastq,Megaruptor 3,PippinHT,deepconsensus,1.2,P2.2,C2,University of Washington,kmiyamot@uw.edu,HG01346.m54329U_210629_024631.dc.q20.fastq.gz,2173878,40011710090,40.01,49,50199,18405,15649,17656,20519,16107,18405,21540,s3://human-pangenomics/working/HPRC/HG01346/raw_data/PacBio_HiFi/deepconsensus/v1pt2/HG01346.m54329U_210629_024631.dc.q20.fastq.gz,HPRC_DEEPCONSENSUS_v1pt2,unaligned reads,,12.91,
HG01346,SRR25618905,SRP305758,PRJNA701308,SAMN26267379,HG01346_f345_dc,PacBio HiFi sequencing of HG01346 rebasecalled with DeepConsensus v1.2,WGS,GENOMIC,size fractionation,single,PACBIO_SMRT,Sequel II,HiFi sequencing of 20kb fractionated gDNA,fastq,Megaruptor 3,SageELF,deepconsensus,1.2,P2.2,C2,University of Washington,kmiyamot@uw.edu,HG01346.m64076_210621_234241.dc.q20.fastq.gz,2030577,39700835051,39.7,43,50179,19551,16536,18975,22087,17151,19846,23067,s3://human-pangenomics/working/HPRC/HG01346/raw_data/PacBio_HiFi/deepconsensus/v1pt2/HG01346.m64076_210621_234241.dc.q20.fastq.gz,HPRC_DEEPCONSENSUS_v1pt2,unaligned reads,,12.81,
HG01358,,SRP305758,PRJNA701308,SAMN17861234,HG01358_HiFiEx_f1_dc_m64076_200201_051547,PacBio HiFi sequencing of HG01358 rebasecalled with DeepConsensus v1.2,WGS,GENOMIC,size fractionation,single,PACBIO_SMRT,Sequel II,HiFi sequencing of 20kb fractionated gDNA,fastq,g-TUBE,SageELF,deepconsensus,1.2,P2,C2,University of Washington,kmiyamot@uw.edu,HG01358.m64076_200201_051547.dc.q20.fastq.gz,1889708,35466097087,35.47,44,52232,18768,16741,18412,20414,17102,18840,20976,s3://human-pangenomics/working/HPRC/HG01358/raw_data/PacBio_HiFi/deepconsensus/v1pt2/HG01358.m64076_200201_051547.dc.q20.fastq.gz,HPRC_DEEPCONSENSUS_v1pt2_2023_12_q20,unaligned reads,,11.44,0.595663
HG01358,,SRP305758,PRJNA701308,SAMN17861234,HG01358_HiFiEx_f1_dc_m64076_200203_181219,PacBio HiFi sequencing of HG01358 rebasecalled with DeepConsensus v1.2,WGS,GENOMIC,size fractionation,single,PACBIO_SMRT,Sequel II,HiFi sequencing of 20kb fractionated gDNA,fastq,g-TUBE,SageELF,deepconsensus,1.2,P2,C2,University of Washington,kmiyamot@uw.edu,HG01358.m64076_200203_181219.dc.q20.fastq.gz,2110098,38889253476,38.89,40,50829,18430,16465,18116,20071,16829,18535,20616,s3://human-pangenomics/working/HPRC/HG01358/raw_data/PacBio_HiFi/deepconsensus/v1pt2/HG01358.m64076_200203_181219.dc.q20.fastq.gz,HPRC_DEEPCONSENSUS_v1pt2_2023_12_q20,unaligned reads,,12.55,0.567459
HG01358,,SRP305758,PRJNA701308,SAMN17861234,HG01358_HiFiEx_f1_dc_m64076_200206_215943,PacBio HiFi sequencing of HG01358 rebasecalled with DeepConsensus v1.2,WGS,GENOMIC,size fractionation,single,PACBIO_SMRT,Sequel II,HiFi sequencing of 20kb fractionated gDNA,fastq,g-TUBE,SageELF,deepconsensus,1.2,P2,C2,University of Washington,kmiyamot@uw.edu,HG01358.m64076_200206_215943.dc.q20.fastq.gz,1852835,33967498168,33.97,24,50236,18332,16387,18033,19976,16754,18454,20522,s3://human-pangenomics/working/HPRC/HG01358/raw_data/PacBio_HiFi/deepconsensus/v1pt2/HG01358.m64076_200206_215943.dc.q20.fastq.gz,HPRC_DEEPCONSENSUS_v1pt2_2023_12_q20,unaligned reads,,10.96,0.570297
HG01358,,SRP305758,PRJNA701308,SAMN17861234,HG01358_HiFiEx_f1_dc_m64076_200208_041234,PacBio HiFi sequencing of HG01358 rebasecalled with DeepConsensus v1.2,WGS,GENOMIC,size fractionation,single,PACBIO_SMRT,Sequel II,HiFi sequencing of 20kb fractionated gDNA,fastq,g-TUBE,SageELF,deepconsensus,1.2,P2,C2,University of Washington,kmiyamot@uw.edu,HG01358.m64076_200208_041234.dc.q20.fastq.gz,1707479,31470727198,31.47,30,50481,18431,16471,18124,20057,16835,18538,20591,s3://human-pangenomics/working/HPRC/HG01358/raw_data/PacBio_HiFi/deepconsensus/v1pt2/HG01358.m64076_200208_041234.dc.q20.fastq.gz,HPRC_DEEPCONSENSUS_v1pt2_2023_12_q20,unaligned reads,,10.15,0.607092
HG01361,,SRP305758,PRJNA701308,SAMN17861235,HG01361.HiFiEx_f2_dc_m54329U_200306_185930,PacBio HiFi sequencing of HG01361 rebasecalled with DeepConsensus v1.2,WGS,GENOMIC,size fractionation,single,PACBIO_SMRT,Sequel II,HiFi sequencing of 20kb fractionated gDNA,fastq,g-TUBE,SageELF,deepconsensus,1.2,P2,C2,University of Washington,kmiyamot@uw.edu,HG01361.m54329U_200306_185930.dc.q20.fastq.gz,1938073,38974377007,38.97,42,50463,20109,18001,19692,21793,18331,20110,22343,s3://human-pangenomics/working/HPRC/HG01361/raw_data/PacBio_HiFi/deepconsensus/v1pt2/HG01361.m54329U_200306_185930.dc.q20.fastq.gz,HPRC_DEEPCONSENSUS_v1pt2_2023_12_q20,unaligned reads,,12.57,0.58687
HG01361,,SRP305758,PRJNA701308,SAMN17861235,HG01361.HiFiEx_f2_dc_m54329U_200308_194417,PacBio HiFi sequencing of HG01361 rebasecalled with DeepConsensus v1.2,WGS,GENOMIC,size fractionation,single,PACBIO_SMRT,Sequel II,HiFi sequencing of 20kb fractionated gDNA,fastq,g-TUBE,SageELF,deepconsensus,1.2,P2,C2,University of Washington,kmiyamot@uw.edu,HG01361.m54329U_200308_194417.dc.q20.fastq.gz,1962004,39202847903,39.2,61,50385,19981,17885,19563,21650,18215,19980,22197,s3://human-pangenomics/working/HPRC/HG01361/raw_data/PacBio_HiFi/deepconsensus/v1pt2/HG01361.m54329U_200308_194417.dc.q20.fastq.gz,HPRC_DEEPCONSENSUS_v1pt2_2023_12_q20,unaligned reads,,12.65,0.606733
HG01361,,SRP305758,PRJNA701308,SAMN17861235,HG01361.HiFiEx_f2_dc_m54329U_200310_015838,PacBio HiFi sequencing of HG01361 rebasecalled with DeepConsensus v1.2,WGS,GENOMIC,size fractionation,single,PACBIO_SMRT,Sequel II,HiFi sequencing of 20kb fractionated gDNA,fastq,g-TUBE,SageELF,deepconsensus,1.2,P2,C2,University of Washington,kmiyamot@uw.edu,HG01361.m54329U_200310_015838.dc.q20.fastq.gz,1668015,33755045933,33.76,43,50492,20236,18087,19812,21949,18426,20246,22510,s3://human-pangenomics/working/HPRC/HG01361/raw_data/PacBio_HiFi/deepconsensus/v1pt2/HG01361.m54329U_200310_015838.dc.q20.fastq.gz,HPRC_DEEPCONSENSUS_v1pt2_2023_12_q20,unaligned reads,,10.89,0.591539
HG01361,,SRP305758,PRJNA701308,SAMN17861235,HG01361.HiFiEx_f2_dc_m54329U_200311_082605,PacBio HiFi sequencing of HG01361 rebasecalled with DeepConsensus v1.2,WGS,GENOMIC,size fractionation,single,PACBIO_SMRT,Sequel II,HiFi sequencing of 20kb fractionated gDNA,fastq,g-TUBE,SageELF,deepconsensus,1.2,P2,C2,University of Washington,kmiyamot@uw.edu,HG01361.m54329U_200311_082605.dc.q20.fastq.gz,1675695,33821162534,33.82,7,50586,20183,18046,19761,21885,18382,20190,22446,s3://human-pangenomics/working/HPRC/HG01361/raw_data/PacBio_HiFi/deepconsensus/v1pt2/HG01361.m54329U_200311_082605.dc.q20.fastq.gz,HPRC_DEEPCONSENSUS_v1pt2_2023_12_q20,unaligned reads,,10.91,0.618869
HG01361,SRR30729172,SRP305758,PRJNA701308,SAMN17861235,HG01361_lib1_dc_m64043_220527_182103,PacBio HiFi sequencing of HG01361 rebasecalled with DeepConsensus v1.2,WGS,GENOMIC,size fractionation,single,PACBIO_SMRT,Sequel II,HiFi sequencing of 20kb fractionated gDNA,fastq,Megaruptor 1,SageELF,deepconsensus,1.2,P2.2,C2,Washington University,tgraves@wustl.edu,HG01361.m64043_220527_182103.dc.q20.fastq.gz,2358394,51594561361,51.59,375,67098,21876,19658,21344,23577,19955,21768,24165,s3://human-pangenomics/working/HPRC/HG01361/raw_data/PacBio_HiFi/deepconsensus/v1pt2/HG01361.m64043_220527_182103.dc.q20.fastq.gz,HPRC_DEEPCONSENSUS_v1pt2_2024_02_q20_re-run,unaligned reads,,16.64,0.583177
HG01361,,SRP305758,PRJNA701308,SAMN17861235,HG01361.HiFiEx_f6_dc_m64076_200221_234426,PacBio HiFi sequencing of HG01361 rebasecalled with DeepConsensus v1.2,WGS,GENOMIC,size fractionation,single,PACBIO_SMRT,Sequel II,HiFi sequencing of 20kb fractionated gDNA,fastq,g-TUBE,SageELF,deepconsensus,1.2,P2,C2,University of Washington,kmiyamot@uw.edu,HG01361.m64076_200221_234426.dc.q20.fastq.gz,428609,8249206656,8.25,14,46995,19246,18781,19754,20609,18965,19882,20709,s3://human-pangenomics/working/HPRC/HG01361/raw_data/PacBio_HiFi/deepconsensus/v1pt2/HG01361.m64076_200221_234426.dc.q20.fastq.gz,HPRC_DEEPCONSENSUS_v1pt2_2023_12_q20,unaligned reads,,2.66,0.68275
HG01361,SRR30729173,SRP305758,PRJNA701308,SAMN17861235,HG01361_lib1_dc_m64136_220527_182053,PacBio HiFi sequencing of HG01361 rebasecalled with DeepConsensus v1.2,WGS,GENOMIC,size fractionation,single,PACBIO_SMRT,Sequel II,HiFi sequencing of 20kb fractionated gDNA,fastq,Megaruptor 1,SageELF,deepconsensus,1.2,P2.2,C2,Washington University,tgraves@wustl.edu,HG01361.m64136_220527_182053.dc.q20.fastq.gz,2231399,48864589833,48.86,95,70570,21898,19678,21355,23589,19975,21774,24185,s3://human-pangenomics/working/HPRC/HG01361/raw_data/PacBio_HiFi/deepconsensus/v1pt2/HG01361.m64136_220527_182053.dc.q20.fastq.gz,HPRC_DEEPCONSENSUS_v1pt2_2024_02_q20_re-run,unaligned reads,,15.76,0.572791
HG01433,SRR25618942,SRP305758,PRJNA701308,SAMN26237496,HG01433_lib1_dc,PacBio HiFi sequencing of HG01433 rebasecalled with DeepConsensus v1.2,WGS,GENOMIC,size fractionation,single,PACBIO_SMRT,Sequel II,HiFi sequencing of 20kb fractionated gDNA,fastq,Megaruptor 1,SageELF,deepconsensus,1.2,P2.2,C2,Washington University,tgraves@wustl.edu,HG01433.m64136_210604_175856.dc.q20.fastq.gz,1707435,37560226862,37.56,549,50704,21998,18546,20970,24721,19094,22029,25982,s3://human-pangenomics/working/HPRC/HG01433/raw_data/PacBio_HiFi/deepconsensus/v1pt2/HG01433.m64136_210604_175856.dc.q20.fastq.gz,HPRC_DEEPCONSENSUS_v1pt2,unaligned reads,,12.12,
HG01433,SRR25618942,SRP305758,PRJNA701308,SAMN26237496,HG01433_lib1_dc,PacBio HiFi sequencing of HG01433 rebasecalled with DeepConsensus v1.2,WGS,GENOMIC,size fractionation,single,PACBIO_SMRT,Sequel II,HiFi sequencing of 20kb fractionated gDNA,fastq,Megaruptor 1,SageELF,deepconsensus,1.2,P2.2,C2,Washington University,tgraves@wustl.edu,HG01433.m64136_210606_025622.dc.q20.fastq.gz,1213070,27184347020,27.18,42,51159,22409,18830,21474,25267,19443,22602,26511,s3://human-pangenomics/working/HPRC/HG01433/raw_data/PacBio_HiFi/deepconsensus/v1pt2/HG01433.m64136_210606_025622.dc.q20.fastq.gz,HPRC_DEEPCONSENSUS_v1pt2,unaligned reads,,8.77,
HG01433,SRR25618942,SRP305758,PRJNA701308,SAMN26237496,HG01433_lib1_dc,PacBio HiFi sequencing of HG01433 rebasecalled with DeepConsensus v1.2,WGS,GENOMIC,size fractionation,single,PACBIO_SMRT,Sequel II,HiFi sequencing of 20kb fractionated gDNA,fastq,Megaruptor 1,SageELF,deepconsensus,1.2,P2.2,C2,Washington University,tgraves@wustl.edu,HG01433.m64136_210607_115559.dc.q20.fastq.gz,1571100,34841066589,34.84,389,50723,22176,18672,21183,24952,19242,22273,26211,s3://human-pangenomics/working/HPRC/HG01433/raw_data/PacBio_HiFi/deepconsensus/v1pt2/HG01433.m64136_210607_115559.dc.q20.fastq.gz,HPRC_DEEPCONSENSUS_v1pt2,unaligned reads,,11.24,
HG01433,SRR25618942,SRP305758,PRJNA701308,SAMN26237496,HG01433_lib1_dc,PacBio HiFi sequencing of HG01433 rebasecalled with DeepConsensus v1.2,WGS,GENOMIC,size fractionation,single,PACBIO_SMRT,Sequel II,HiFi sequencing of 20kb fractionated gDNA,fastq,Megaruptor 1,SageELF,deepconsensus,1.2,P2.2,C2,Washington University,tgraves@wustl.edu,HG01433.m64136_210610_203618.dc.q20.fastq.gz,1308578,27923629951,27.92,329,51256,21338,18151,20246,23776,18601,21143,25048,s3://human-pangenomics/working/HPRC/HG01433/raw_data/PacBio_HiFi/deepconsensus/v1pt2/HG01433.m64136_210610_203618.dc.q20.fastq.gz,HPRC_DEEPCONSENSUS_v1pt2,unaligned reads,,9.01,
HG01496,SRR25618941,SRP305758,PRJNA701308,SAMN26237497,HG01496_lib1_dc,PacBio HiFi sequencing of HG01496 rebasecalled with DeepConsensus v1.2,WGS,GENOMIC,size fractionation,single,PACBIO_SMRT,Sequel II,HiFi sequencing of 20kb fractionated gDNA,fastq,Megaruptor 1,SageELF,deepconsensus,1.2,P2.2,C2,Washington University,tgraves@wustl.edu,HG01496.m64043_210625_184443.dc.q20.fastq.gz,1942341,42931528801,42.93,72,52008,22102,17937,20727,25163,18606,22391,26869,s3://human-pangenomics/working/HPRC/HG01496/raw_data/PacBio_HiFi/deepconsensus/v1pt2/HG01496.m64043_210625_184443.dc.q20.fastq.gz,HPRC_DEEPCONSENSUS_v1pt2,unaligned reads,,13.85,
HG01496,SRR25618941,SRP305758,PRJNA701308,SAMN26237497,HG01496_lib1_dc,PacBio HiFi sequencing of HG01496 rebasecalled with DeepConsensus v1.2,WGS,GENOMIC,size fractionation,single,PACBIO_SMRT,Sequel II,HiFi sequencing of 20kb fractionated gDNA,fastq,Megaruptor 1,SageELF,deepconsensus,1.2,P2.2,C2,Washington University,tgraves@wustl.edu,HG01496.m64043_210627_054642.dc.q20.fastq.gz,1611744,36138790975,36.14,45,51193,22422,18139,21218,25588,18878,22840,27254,s3://human-pangenomics/working/HPRC/HG01496/raw_data/PacBio_HiFi/deepconsensus/v1pt2/HG01496.m64043_210627_054642.dc.q20.fastq.gz,HPRC_DEEPCONSENSUS_v1pt2,unaligned reads,,11.66,
HG01496,SRR25618941,SRP305758,PRJNA701308,SAMN26237497,HG01496_lib1_dc,PacBio HiFi sequencing of HG01496 rebasecalled with DeepConsensus v1.2,WGS,GENOMIC,size fractionation,single,PACBIO_SMRT,Sequel II,HiFi sequencing of 20kb fractionated gDNA,fastq,Megaruptor 1,SageELF,deepconsensus,1.2,P2.2,C2,Washington University,tgraves@wustl.edu,HG01496.m64043_210628_151651.dc.q20.fastq.gz,1825357,40853444789,40.85,43,51841,22381,18113,21143,25533,18844,22774,27222,s3://human-pangenomics/working/HPRC/HG01496/raw_data/PacBio_HiFi/deepconsensus/v1pt2/HG01496.m64043_210628_151651.dc.q20.fastq.gz,HPRC_DEEPCONSENSUS_v1pt2,unaligned reads,,13.18,
HG01530,SRR30729171,SRP305758,PRJNA701308,SAMN37797099,HG01530_PB1_dc_m64055e_220915_170505,PacBio HiFi sequencing of HG01530 rebasecalled with DeepConsensus v1.2,WGS,GENOMIC,size fractionation,single,PACBIO_SMRT,Sequel II,HiFi sequencing of 20kb fractionated gDNA,fastq,Megaruptor 3,Pippin HT,deepconsensus,1.2,P2,C2,Rockefeller University,vgl-lab@rockefeller.edu,HG01530.m64055e_220915_170505.dc.q20.fastq.gz,2825182,52377480511,52.38,267,78941,18539,15875,17712,20342,16311,18398,21395,s3://human-pangenomics/working/HPRC/HG01530/raw_data/PacBio_HiFi/deepconsensus/v1pt2/HG01530.m64055e_220915_170505.dc.q20.fastq.gz,HPRC_DEEPCONSENSUS_v1pt2_2024_02_q20_re-run,unaligned reads,,16.9,0.561766
HG01530,SRR30729170,SRP305758,PRJNA701308,SAMN37797099,HG01530_PB1_dc_m64334e_220920_180418,PacBio HiFi sequencing of HG01530 rebasecalled with DeepConsensus v1.2,WGS,GENOMIC,size fractionation,single,PACBIO_SMRT,Sequel II,HiFi sequencing of 20kb fractionated gDNA,fastq,Megaruptor 3,Pippin HT,deepconsensus,1.2,P2,C2,Rockefeller University,vgl-lab@rockefeller.edu,HG01530.m64334e_220920_180418.dc.q20.fastq.gz,2710586,50641497808,50.64,171,78542,18682,15969,17847,20531,16418,18552,21611,s3://human-pangenomics/working/HPRC/HG01530/raw_data/PacBio_HiFi/deepconsensus/v1pt2/HG01530.m64334e_220920_180418.dc.q20.fastq.gz,HPRC_DEEPCONSENSUS_v1pt2_2024_02_q20_re-run,unaligned reads,,16.34,0.565476
HG01530,SRR30729169,SRP305758,PRJNA701308,SAMN37797099,HG01530_PB1_dc_m64334e_220922_131140,PacBio HiFi sequencing of HG01530 rebasecalled with DeepConsensus v1.2,WGS,GENOMIC,size fractionation,single,PACBIO_SMRT,Sequel II,HiFi sequencing of 20kb fractionated gDNA,fastq,Megaruptor 3,Pippin HT,deepconsensus,1.2,P2,C2,Rockefeller University,vgl-lab@rockefeller.edu,HG01530.m64334e_220922_131140.dc.q20.fastq.gz,2715229,51554054402,51.55,73,87901,18987,16133,18117,20941,16619,18884,22091,s3://human-pangenomics/working/HPRC/HG01530/raw_data/PacBio_HiFi/deepconsensus/v1pt2/HG01530.m64334e_220922_131140.dc.q20.fastq.gz,HPRC_DEEPCONSENSUS_v1pt2_2024_02_q20_re-run,unaligned reads,,16.63,0.573971
HG01784,SRR30729166,SRP305758,PRJNA701308,SAMN37797100,HG01784_PB1_dc_m64055e_220920_175231,PacBio HiFi sequencing of HG01784 rebasecalled with DeepConsensus v1.2,WGS,GENOMIC,size fractionation,single,PACBIO_SMRT,Sequel II,HiFi sequencing of 20kb fractionated gDNA,fastq,Megaruptor 3,Pippin HT,deepconsensus,1.2,P2,C2,Rockefeller University,vgl-lab@rockefeller.edu,HG01784.m64055e_220920_175231.dc.q20.fastq.gz,1985847,47387024675,47.39,72,97347,23862,18977,22551,27397,20179,24362,29775,s3://human-pangenomics/working/HPRC/HG01784/raw_data/PacBio_HiFi/deepconsensus/v1pt2/HG01784.m64055e_220920_175231.dc.q20.fastq.gz,HPRC_DEEPCONSENSUS_v1pt2_2024_02_q20_re-run,unaligned reads,,15.29,0.563082
HG01784,SRR30729168,SRP305758,PRJNA701308,SAMN37797100,HG01784_PB1_dc_m64055e_220922_130045,PacBio HiFi sequencing of HG01784 rebasecalled with DeepConsensus v1.2,WGS,GENOMIC,size fractionation,single,PACBIO_SMRT,Sequel II,HiFi sequencing of 20kb fractionated gDNA,fastq,Megaruptor 3,Pippin HT,deepconsensus,1.2,P2,C2,Rockefeller University,vgl-lab@rockefeller.edu,HG01784.m64055e_220922_130045.dc.q20.fastq.gz,1964057,48051985802,48.05,116,88862,24465,19455,23241,28177,20754,25093,30529,s3://human-pangenomics/working/HPRC/HG01784/raw_data/PacBio_HiFi/deepconsensus/v1pt2/HG01784.m64055e_220922_130045.dc.q20.fastq.gz,HPRC_DEEPCONSENSUS_v1pt2_2024_02_q20_re-run,unaligned reads,,15.5,0.549563
HG01784,SRR30729167,SRP305758,PRJNA701308,SAMN37797100,HG01784_PB1_dc_m64330e_220917_122517,PacBio HiFi sequencing of HG01784 rebasecalled with DeepConsensus v1.2,WGS,GENOMIC,size fractionation,single,PACBIO_SMRT,Sequel II,HiFi sequencing of 20kb fractionated gDNA,fastq,Megaruptor 3,Pippin HT,deepconsensus,1.2,P2,C2,Rockefeller University,vgl-lab@rockefeller.edu,HG01784.m64330e_220917_122517.dc.q20.fastq.gz,1983142,47268880471,47.27,179,78283,23835,18995,22527,27318,20173,24304,29676,s3://human-pangenomics/working/HPRC/HG01784/raw_data/PacBio_HiFi/deepconsensus/v1pt2/HG01784.m64330e_220917_122517.dc.q20.fastq.gz,HPRC_DEEPCONSENSUS_v1pt2_2024_02_q20_re-run,unaligned reads,,15.25,0.555669
HG01884,SRR25618940,SRP305758,PRJNA701308,SAMN26267393,HG01884.HFSS_dc,PacBio HiFi sequencing of HG01884 rebasecalled with DeepConsensus v1.2,WGS,GENOMIC,size fractionation,single,PACBIO_SMRT,Sequel II,HiFi sequencing of 20kb fractionated gDNA,fastq,Megaruptor 3,PippinHT,deepconsensus,1.2,P2.2,C2,University of Washington,kmiyamot@uw.edu,HG01884.m54329U_210713_205453.dc.q20.fastq.gz,2161915,38956115436,38.96,52,50680,18019,15315,17268,20046,15767,18008,21062,s3://human-pangenomics/working/HPRC/HG01884/raw_data/PacBio_HiFi/deepconsensus/v1pt2/HG01884.m54329U_210713_205453.dc.q20.fastq.gz,HPRC_DEEPCONSENSUS_v1pt2,unaligned reads,,12.57,
HG01884,SRR25618940,SRP305758,PRJNA701308,SAMN26267393,HG01884.HFSS_dc,PacBio HiFi sequencing of HG01884 rebasecalled with DeepConsensus v1.2,WGS,GENOMIC,size fractionation,single,PACBIO_SMRT,Sequel II,HiFi sequencing of 20kb fractionated gDNA,fastq,Megaruptor 3,PippinHT,deepconsensus,1.2,P2.2,C2,University of Washington,kmiyamot@uw.edu,HG01884.m54329U_210716_214728.dc.q20.fastq.gz,2109258,38497457417,38.5,45,50795,18251,15448,17501,20382,15935,18287,21431,s3://human-pangenomics/working/HPRC/HG01884/raw_data/PacBio_HiFi/deepconsensus/v1pt2/HG01884.m54329U_210716_214728.dc.q20.fastq.gz,HPRC_DEEPCONSENSUS_v1pt2,unaligned reads,,12.42,
HG01884,SRR25618940,SRP305758,PRJNA701308,SAMN26267393,HG01884.HFSS_dc,PacBio HiFi sequencing of HG01884 rebasecalled with DeepConsensus v1.2,WGS,GENOMIC,size fractionation,single,PACBIO_SMRT,Sequel II,HiFi sequencing of 20kb fractionated gDNA,fastq,Megaruptor 3,PippinHT,deepconsensus,1.2,P2.2,C2,University of Washington,kmiyamot@uw.edu,HG01884.m54329U_210718_084331.dc.q20.fastq.gz,2359093,43169470870,43.17,680,49954,18299,15480,17547,20450,15970,18343,21502,s3://human-pangenomics/working/HPRC/HG01884/raw_data/PacBio_HiFi/deepconsensus/v1pt2/HG01884.m54329U_210718_084331.dc.q20.fastq.gz,HPRC_DEEPCONSENSUS_v1pt2,unaligned reads,,13.93,
HG01891,,SRP305758,PRJNA701308,SAMN17861236,HG01891.HiFiEx_f2_dc_m54329U_200124_193652,PacBio HiFi sequencing of HG01891 rebasecalled with DeepConsensus v1.2,WGS,GENOMIC,size fractionation,single,PACBIO_SMRT,Sequel II,HiFi sequencing of 20kb fractionated gDNA,fastq,g-TUBE,SageELF,deepconsensus,1.2,P2,C2,University of Washington,kmiyamot@uw.edu,HG01891.m54329U_200124_193652.dc.q20.fastq.gz,1873382,31900614073,31.9,34,43654,17028,15797,16876,18105,15944,17049,18296,s3://human-pangenomics/working/HPRC/HG01891/raw_data/PacBio_HiFi/deepconsensus/v1pt2/HG01891.m54329U_200124_193652.dc.q20.fastq.gz,HPRC_DEEPCONSENSUS_v1pt2_2023_12_q20,unaligned reads,,10.29,0.625835
HG01891,,SRP305758,PRJNA701308,SAMN17861236,HG01891.HiFiEx_f2_dc_m54329U_200127_180554,PacBio HiFi sequencing of HG01891 rebasecalled with DeepConsensus v1.2,WGS,GENOMIC,size fractionation,single,PACBIO_SMRT,Sequel II,HiFi sequencing of 20kb fractionated gDNA,fastq,g-TUBE,SageELF,deepconsensus,1.2,P2,C2,University of Washington,kmiyamot@uw.edu,HG01891.m54329U_200127_180554.dc.q20.fastq.gz,2069957,35328004617,35.33,47,43001,17067,15831,16919,18151,15978,17092,18341,s3://human-pangenomics/working/HPRC/HG01891/raw_data/PacBio_HiFi/deepconsensus/v1pt2/HG01891.m54329U_200127_180554.dc.q20.fastq.gz,HPRC_DEEPCONSENSUS_v1pt2_2023_12_q20,unaligned reads,,11.4,0.595337
HG01891,,SRP305758,PRJNA701308,SAMN17861236,HG01891.HiFiEx_f2_dc_m54329U_200129_001928,PacBio HiFi sequencing of HG01891 rebasecalled with DeepConsensus v1.2,WGS,GENOMIC,size fractionation,single,PACBIO_SMRT,Sequel II,HiFi sequencing of 20kb fractionated gDNA,fastq,g-TUBE,SageELF,deepconsensus,1.2,P2,C2,University of Washington,kmiyamot@uw.edu,HG01891.m54329U_200129_001928.dc.q20.fastq.gz,2071023,35222714046,35.22,21,46047,17007,15772,16853,18085,15919,17027,18278,s3://human-pangenomics/working/HPRC/HG01891/raw_data/PacBio_HiFi/deepconsensus/v1pt2/HG01891.m54329U_200129_001928.dc.q20.fastq.gz,HPRC_DEEPCONSENSUS_v1pt2_2023_12_q20,unaligned reads,,11.36,0.596182
HG01891,,SRP305758,PRJNA701308,SAMN17861236,HG01891.HiFiEx_f2_dc_m54329U_200130_064539,PacBio HiFi sequencing of HG01891 rebasecalled with DeepConsensus v1.2,WGS,GENOMIC,size fractionation,single,PACBIO_SMRT,Sequel II,HiFi sequencing of 20kb fractionated gDNA,fastq,g-TUBE,SageELF,deepconsensus,1.2,P2,C2,University of Washington,kmiyamot@uw.edu,HG01891.m54329U_200130_064539.dc.q20.fastq.gz,1911407,32682363569,32.68,49,44835,17098,15857,16949,18189,16006,17126,18382,s3://human-pangenomics/working/HPRC/HG01891/raw_data/PacBio_HiFi/deepconsensus/v1pt2/HG01891.m54329U_200130_064539.dc.q20.fastq.gz,HPRC_DEEPCONSENSUS_v1pt2_2023_12_q20,unaligned reads,,10.54,0.597791
HG01928,,SRP305758,PRJNA701308,SAMN17861660,HG01928_lib1_dc_m64043_200612_200936,PacBio HiFi sequencing of HG01928 rebasecalled with DeepConsensus v1.2,WGS,GENOMIC,size fractionation,single,PACBIO_SMRT,Sequel II,HiFi sequencing of 20kb fractionated gDNA,fastq,Megaruptor 1,SageELF,deepconsensus,1.2,,,Washington University,tgraves@wustl.edu,HG01928.m64043_200612_200936.dc.q20.fastq.gz,1414380,33638482190,33.64,44,52290,23783,20998,23241,26064,21472,23865,26868,s3://human-pangenomics/working/HPRC/HG01928/raw_data/PacBio_HiFi/deepconsensus/v1pt2/HG01928.m64043_200612_200936.dc.q20.fastq.gz,HPRC_DEEPCONSENSUS_v1pt2_2023_12_q20,unaligned reads,,10.85,0.572465
HG01928,,SRP305758,PRJNA701308,SAMN17861660,HG01928_lib1_dc_m64043_200614_191756,PacBio HiFi sequencing of HG01928 rebasecalled with DeepConsensus v1.2,WGS,GENOMIC,size fractionation,single,PACBIO_SMRT,Sequel II,HiFi sequencing of 20kb fractionated gDNA,fastq,Megaruptor 1,SageELF,deepconsensus,1.2,,,Washington University,tgraves@wustl.edu,HG01928.m64043_200614_191756.dc.q20.fastq.gz,1437079,33960304834,33.96,42,51592,23631,20916,23123,25854,21379,23717,26621,s3://human-pangenomics/working/HPRC/HG01928/raw_data/PacBio_HiFi/deepconsensus/v1pt2/HG01928.m64043_200614_191756.dc.q20.fastq.gz,HPRC_DEEPCONSENSUS_v1pt2_2023_12_q20,unaligned reads,,10.95,0.574754
HG01928,,SRP305758,PRJNA701308,SAMN17861660,HG01928_lib1_dc_m64043_200616_013031,PacBio HiFi sequencing of HG01928 rebasecalled with DeepConsensus v1.2,WGS,GENOMIC,size fractionation,single,PACBIO_SMRT,Sequel II,HiFi sequencing of 20kb fractionated gDNA,fastq,Megaruptor 1,SageELF,deepconsensus,1.2,,,Washington University,tgraves@wustl.edu,HG01928.m64043_200616_013031.dc.q20.fastq.gz,1291991,30652322742,30.65,45,52869,23724,20934,23171,26037,21409,23798,26847,s3://human-pangenomics/working/HPRC/HG01928/raw_data/PacBio_HiFi/deepconsensus/v1pt2/HG01928.m64043_200616_013031.dc.q20.fastq.gz,HPRC_DEEPCONSENSUS_v1pt2_2023_12_q20,unaligned reads,,9.89,0.606715
HG01928,,SRP305758,PRJNA701308,SAMN17861660,HG01928_lib1_dc_m64043_200617_075530,PacBio HiFi sequencing of HG01928 rebasecalled with DeepConsensus v1.2,WGS,GENOMIC,size fractionation,single,PACBIO_SMRT,Sequel II,HiFi sequencing of 20kb fractionated gDNA,fastq,Megaruptor 1,SageELF,deepconsensus,1.2,,,Washington University,tgraves@wustl.edu,HG01928.m64043_200617_075530.dc.q20.fastq.gz,1390977,33133623402,33.13,44,51243,23820,21008,23252,26135,21483,23882,26955,s3://human-pangenomics/working/HPRC/HG01928/raw_data/PacBio_HiFi/deepconsensus/v1pt2/HG01928.m64043_200617_075530.dc.q20.fastq.gz,HPRC_DEEPCONSENSUS_v1pt2_2023_12_q20,unaligned reads,,10.69,0.616885
HG01928,SRR30729164,SRP305758,PRJNA701308,SAMN17861660,HG01928_lib1_dc_m64136_220609_181426,PacBio HiFi sequencing of HG01928 rebasecalled with DeepConsensus v1.2,WGS,GENOMIC,size fractionation,single,PACBIO_SMRT,Sequel II,HiFi sequencing of 20kb fractionated gDNA,fastq,Megaruptor 1,SageELF,deepconsensus,1.2,P2.2,C2,Washington University,tgraves@wustl.edu,HG01928.m64136_220609_181426.dc.q20.fastq.gz,2178778,44348402423,44.35,648,60322,20354,17580,20136,22410,18175,20710,23063,s3://human-pangenomics/working/HPRC/HG01928/raw_data/PacBio_HiFi/deepconsensus/v1pt2/HG01928.m64136_220609_181426.dc.q20.fastq.gz,HPRC_DEEPCONSENSUS_v1pt2_2024_02_q20_re-run,unaligned reads,,14.31,0.615871
HG01928,SRR30729165,SRP305758,PRJNA701308,SAMN17861660,HG01928_lib1_dc_m64136_220611_150915,PacBio HiFi sequencing of HG01928 rebasecalled with DeepConsensus v1.2,WGS,GENOMIC,size fractionation,single,PACBIO_SMRT,Sequel II,HiFi sequencing of 20kb fractionated gDNA,fastq,Megaruptor 1,SageELF,deepconsensus,1.2,P2.2,C2,Washington University,tgraves@wustl.edu,HG01928.m64136_220611_150915.dc.q20.fastq.gz,2111486,42924183542,42.92,324,82518,20328,17545,20111,22390,18141,20687,23044,s3://human-pangenomics/working/HPRC/HG01928/raw_data/PacBio_HiFi/deepconsensus/v1pt2/HG01928.m64136_220611_150915.dc.q20.fastq.gz,HPRC_DEEPCONSENSUS_v1pt2_2024_02_q20_re-run,unaligned reads,,13.85,0.603799
HG01934,SRR30729157,SRP305758,PRJNA701308,SAMN26237498,HG01934_lib1_dc_m64136_210723_184622,PacBio HiFi sequencing of HG01934 rebasecalled with DeepConsensus v1.2,WGS,GENOMIC,size fractionation,single,PACBIO_SMRT,Sequel II,HiFi sequencing of 20kb fractionated gDNA,fastq,Megaruptor 1,SageELF,deepconsensus,1.2,P2.2,C2,Washington University,tgraves@wustl.edu,HG01934.m64136_210723_184622.dc.q20.fastq.gz,1406132,28732433888,28.73,279,60002,20433,17277,18995,22901,17636,19900,24184,s3://human-pangenomics/working/HPRC/HG01934/raw_data/PacBio_HiFi/deepconsensus/v1pt2/HG01934.m64136_210723_184622.dc.q20.fastq.gz,HPRC_DEEPCONSENSUS_v1pt2_2024_02_q20_re-run,unaligned reads,bc1020 barcoded adapter,9.27,0.63178
HG01934,SRR30729162,SRP305758,PRJNA701308,SAMN26237498,HG01934_lib1_dc_m64136_210725_054129,PacBio HiFi sequencing of HG01934 rebasecalled with DeepConsensus v1.2,WGS,GENOMIC,size fractionation,single,PACBIO_SMRT,Sequel II,HiFi sequencing of 20kb fractionated gDNA,fastq,Megaruptor 1,SageELF,deepconsensus,1.2,P2.2,C2,Washington University,tgraves@wustl.edu,HG01934.m64136_210725_054129.dc.q20.fastq.gz,1500733,30968302004,30.97,124,63686,20635,17349,19181,23221,17740,20257,24513,s3://human-pangenomics/working/HPRC/HG01934/raw_data/PacBio_HiFi/deepconsensus/v1pt2/HG01934.m64136_210725_054129.dc.q20.fastq.gz,HPRC_DEEPCONSENSUS_v1pt2_2024_02_q20_re-run,unaligned reads,bc1020 barcoded adapter,9.99,0.583427
HG01934,SRR30729160,SRP305758,PRJNA701308,SAMN26237498,HG01934_lib1_dc_m64136_210726_163800,PacBio HiFi sequencing of HG01934 rebasecalled with DeepConsensus v1.2,WGS,GENOMIC,size fractionation,single,PACBIO_SMRT,Sequel II,HiFi sequencing of 20kb fractionated gDNA,fastq,Megaruptor 1,SageELF,deepconsensus,1.2,P2.2,C2,Washington University,tgraves@wustl.edu,HG01934.m64136_210726_163800.dc.q20.fastq.gz,1202701,24811691936,24.81,287,59745,20629,17361,19196,23204,17749,20258,24485,s3://human-pangenomics/working/HPRC/HG01934/raw_data/PacBio_HiFi/deepconsensus/v1pt2/HG01934.m64136_210726_163800.dc.q20.fastq.gz,HPRC_DEEPCONSENSUS_v1pt2_2024_02_q20_re-run,unaligned reads,bc1020 barcoded adapter,8,0.596385
HG01934,SRR30729161,SRP305758,PRJNA701308,SAMN26237498,HG01934_lib1_dc_m64136_210728_163638,PacBio HiFi sequencing of HG01934 rebasecalled with DeepConsensus v1.2,WGS,GENOMIC,size fractionation,single,PACBIO_SMRT,Sequel II,HiFi sequencing of 20kb fractionated gDNA,fastq,Megaruptor 1,SageELF,deepconsensus,1.2,P2.2,C2,Washington University,tgraves@wustl.edu,HG01934.m64136_210728_163638.dc.q20.fastq.gz,1516354,31223342812,31.22,564,61208,20591,17328,19137,23154,17711,20182,24448,s3://human-pangenomics/working/HPRC/HG01934/raw_data/PacBio_HiFi/deepconsensus/v1pt2/HG01934.m64136_210728_163638.dc.q20.fastq.gz,HPRC_DEEPCONSENSUS_v1pt2_2024_02_q20_re-run,unaligned reads,bc1020 barcoded adapter,10.07,0.591845
HG01940,SRR30729144,SRP305758,PRJNA701308,SAMN37797101,HG01940_PB1_dc_m64330e_220415_164034,PacBio HiFi sequencing of HG01940 rebasecalled with DeepConsensus v1.2,WGS,GENOMIC,size fractionation,single,PACBIO_SMRT,Sequel II,HiFi sequencing of 20kb fractionated gDNA,fastq,Megaruptor 3,Pippin HT,deepconsensus,1.2,P2,C2,Rockefeller University,vgl-lab@rockefeller.edu,HG01940.m64330e_220415_164034.dc.q20.fastq.gz,1806740,32983272914,32.98,301,76188,18255,13793,17302,21676,15369,19311,24085,s3://human-pangenomics/working/HPRC/HG01940/raw_data/PacBio_HiFi/deepconsensus/v1pt2/HG01940.m64330e_220415_164034.dc.q20.fastq.gz,HPRC_DEEPCONSENSUS_v1pt2_2024_02_q20_re-run,unaligned reads,,10.64,0.562309
HG01940,SRR30729142,SRP305758,PRJNA701308,SAMN37797101,HG01940_PB1_dc_m64334e_220304_185513,PacBio HiFi sequencing of HG01940 rebasecalled with DeepConsensus v1.2,WGS,GENOMIC,size fractionation,single,PACBIO_SMRT,Sequel II,HiFi sequencing of 20kb fractionated gDNA,fastq,Megaruptor 3,Pippin HT,deepconsensus,1.2,P2,C2,Rockefeller University,vgl-lab@rockefeller.edu,HG01940.m64334e_220304_185513.dc.q20.fastq.gz,858135,14867983620,14.87,521,68028,17325,13335,16197,20063,14470,17823,22440,s3://human-pangenomics/working/HPRC/HG01940/raw_data/PacBio_HiFi/deepconsensus/v1pt2/HG01940.m64334e_220304_185513.dc.q20.fastq.gz,HPRC_DEEPCONSENSUS_v1pt2_2024_02_q20_re-run,unaligned reads,,4.8,0.634798
HG01940,SRR30729156,SRP305758,PRJNA701308,SAMN37797101,HG01940_PB1_dc_m64334e_220422_151506,PacBio HiFi sequencing of HG01940 rebasecalled with DeepConsensus v1.2,WGS,GENOMIC,size fractionation,single,PACBIO_SMRT,Sequel II,HiFi sequencing of 20kb fractionated gDNA,fastq,Megaruptor 3,Pippin HT,deepconsensus,1.2,P2,C2,Rockefeller University,vgl-lab@rockefeller.edu,HG01940.m64334e_220422_151506.dc.q20.fastq.gz,1793789,33301680310,33.3,78,73899,18564,14040,17627,22059,15661,19665,24459,s3://human-pangenomics/working/HPRC/HG01940/raw_data/PacBio_HiFi/deepconsensus/v1pt2/HG01940.m64334e_220422_151506.dc.q20.fastq.gz,HPRC_DEEPCONSENSUS_v1pt2_2024_02_q20_re-run,unaligned reads,,10.74,0.550378
HG01940,SRR30729143,SRP305758,PRJNA701308,SAMN37797101,HG01940_PB1_dc_m64334e_220424_021126,PacBio HiFi sequencing of HG01940 rebasecalled with DeepConsensus v1.2,WGS,GENOMIC,size fractionation,single,PACBIO_SMRT,Sequel II,HiFi sequencing of 20kb fractionated gDNA,fastq,Megaruptor 3,Pippin HT,deepconsensus,1.2,P2,C2,Rockefeller University,vgl-lab@rockefeller.edu,HG01940.m64334e_220424_021126.dc.q20.fastq.gz,1727541,32001040460,32,87,69085,18524,14038,17594,21994,15629,19605,24363,s3://human-pangenomics/working/HPRC/HG01940/raw_data/PacBio_HiFi/deepconsensus/v1pt2/HG01940.m64334e_220424_021126.dc.q20.fastq.gz,HPRC_DEEPCONSENSUS_v1pt2_2024_02_q20_re-run,unaligned reads,,10.32,0.599074
HG01940,SRR30729141,SRP305758,PRJNA701308,SAMN37797101,HG01940_PB1_dc_m64334e_220426_185110,PacBio HiFi sequencing of HG01940 rebasecalled with DeepConsensus v1.2,WGS,GENOMIC,size fractionation,single,PACBIO_SMRT,Sequel II,HiFi sequencing of 20kb fractionated gDNA,fastq,Megaruptor 3,Pippin HT,deepconsensus,1.2,P2,C2,Rockefeller University,vgl-lab@rockefeller.edu,HG01940.m64334e_220426_185110.dc.q20.fastq.gz,460563,9186649130,9.19,562,86026,19946,15054,18908,23704,16772,21116,26280,s3://human-pangenomics/working/HPRC/HG01940/raw_data/PacBio_HiFi/deepconsensus/v1pt2/HG01940.m64334e_220426_185110.dc.q20.fastq.gz,HPRC_DEEPCONSENSUS_v1pt2_2024_02_q20_re-run,unaligned reads,,2.96,0.698133
HG01943,SRR25618939,SRP305758,PRJNA701308,SAMN26237499,HG01943_lib1_dc,PacBio HiFi sequencing of HG01943 rebasecalled with DeepConsensus v1.2,WGS,GENOMIC,size fractionation,single,PACBIO_SMRT,Sequel II,HiFi sequencing of 20kb fractionated gDNA,fastq,Megaruptor 1,SageELF,deepconsensus,1.2,P2.2,C2,Washington University,tgraves@wustl.edu,HG01943.m64043_210716_230222.dc.q20.fastq.gz,2051412,38628884223,38.63,47,47420,18830,17325,18533,20026,17499,18763,20317,s3://human-pangenomics/working/HPRC/HG01943/raw_data/PacBio_HiFi/deepconsensus/v1pt2/HG01943.m64043_210716_230222.dc.q20.fastq.gz,HPRC_DEEPCONSENSUS_v1pt2,unaligned reads,,12.46,
HG01943,SRR25618939,SRP305758,PRJNA701308,SAMN26237499,HG01943_lib1_dc,PacBio HiFi sequencing of HG01943 rebasecalled with DeepConsensus v1.2,WGS,GENOMIC,size fractionation,single,PACBIO_SMRT,Sequel II,HiFi sequencing of 20kb fractionated gDNA,fastq,Megaruptor 1,SageELF,deepconsensus,1.2,P2.2,C2,Washington University,tgraves@wustl.edu,HG01943.m64043_210718_100009.dc.q20.fastq.gz,1776866,33538260980,33.54,48,49133,18874,17350,18570,20070,17526,18803,20368,s3://human-pangenomics/working/HPRC/HG01943/raw_data/PacBio_HiFi/deepconsensus/v1pt2/HG01943.m64043_210718_100009.dc.q20.fastq.gz,HPRC_DEEPCONSENSUS_v1pt2,unaligned reads,,10.82,
HG01943,SRR25618939,SRP305758,PRJNA701308,SAMN26237499,HG01943_lib1_dc,PacBio HiFi sequencing of HG01943 rebasecalled with DeepConsensus v1.2,WGS,GENOMIC,size fractionation,single,PACBIO_SMRT,Sequel II,HiFi sequencing of 20kb fractionated gDNA,fastq,Megaruptor 1,SageELF,deepconsensus,1.2,P2.2,C2,Washington University,tgraves@wustl.edu,HG01943.m64043_210719_210019.dc.q20.fastq.gz,1921227,36265888916,36.27,67,47090,18876,17355,18570,20071,17530,18802,20368,s3://human-pangenomics/working/HPRC/HG01943/raw_data/PacBio_HiFi/deepconsensus/v1pt2/HG01943.m64043_210719_210019.dc.q20.fastq.gz,HPRC_DEEPCONSENSUS_v1pt2,unaligned reads,,11.7,
HG01952,,SRP305758,PRJNA701308,SAMN17861661,HG01952_lib1_dc_m64136_200612_201033,PacBio HiFi sequencing of HG01952 rebasecalled with DeepConsensus v1.2,WGS,GENOMIC,size fractionation,single,PACBIO_SMRT,Sequel II,HiFi sequencing of 20kb fractionated gDNA,fastq,Megaruptor 1,SageELF,deepconsensus,1.2,,,Washington University,tgraves@wustl.edu,HG01952.m64136_200612_201033.dc.q20.fastq.gz,1820039,39134161142,39.13,39,50942,21501,18591,20571,23771,18969,21304,24808,s3://human-pangenomics/working/HPRC/HG01952/raw_data/PacBio_HiFi/deepconsensus/v1pt2/HG01952.m64136_200612_201033.dc.q20.fastq.gz,HPRC_DEEPCONSENSUS_v1pt2_2023_12_q20,unaligned reads,,12.62,0.59862
HG01952,,SRP305758,PRJNA701308,SAMN17861661,HG01952_lib1_dc_m64136_200614_192134,PacBio HiFi sequencing of HG01952 rebasecalled with DeepConsensus v1.2,WGS,GENOMIC,size fractionation,single,PACBIO_SMRT,Sequel II,HiFi sequencing of 20kb fractionated gDNA,fastq,Megaruptor 1,SageELF,deepconsensus,1.2,,,Washington University,tgraves@wustl.edu,HG01952.m64136_200614_192134.dc.q20.fastq.gz,1820806,39132691081,39.13,24,50177,21491,18594,20565,23752,18971,21287,24783,s3://human-pangenomics/working/HPRC/HG01952/raw_data/PacBio_HiFi/deepconsensus/v1pt2/HG01952.m64136_200614_192134.dc.q20.fastq.gz,HPRC_DEEPCONSENSUS_v1pt2_2023_12_q20,unaligned reads,,12.62,0.60013
HG01952,,SRP305758,PRJNA701308,SAMN17861661,HG01952_lib1_dc_m64136_200616_013426,PacBio HiFi sequencing of HG01952 rebasecalled with DeepConsensus v1.2,WGS,GENOMIC,size fractionation,single,PACBIO_SMRT,Sequel II,HiFi sequencing of 20kb fractionated gDNA,fastq,Megaruptor 1,SageELF,deepconsensus,1.2,,,Washington University,tgraves@wustl.edu,HG01952.m64136_200616_013426.dc.q20.fastq.gz,1803046,38781404521,38.78,40,50937,21508,18585,20548,23785,18962,21281,24874,s3://human-pangenomics/working/HPRC/HG01952/raw_data/PacBio_HiFi/deepconsensus/v1pt2/HG01952.m64136_200616_013426.dc.q20.fastq.gz,HPRC_DEEPCONSENSUS_v1pt2_2023_12_q20,unaligned reads,,12.51,0.634017
HG01952,,SRP305758,PRJNA701308,SAMN17861661,HG01952_lib1_dc_m64136_200617_080019,PacBio HiFi sequencing of HG01952 rebasecalled with DeepConsensus v1.2,WGS,GENOMIC,size fractionation,single,PACBIO_SMRT,Sequel II,HiFi sequencing of 20kb fractionated gDNA,fastq,Megaruptor 1,SageELF,deepconsensus,1.2,,,Washington University,tgraves@wustl.edu,HG01952.m64136_200617_080019.dc.q20.fastq.gz,1706010,36769011771,36.77,44,50942,21552,18610,20589,23838,18992,21329,24931,s3://human-pangenomics/working/HPRC/HG01952/raw_data/PacBio_HiFi/deepconsensus/v1pt2/HG01952.m64136_200617_080019.dc.q20.fastq.gz,HPRC_DEEPCONSENSUS_v1pt2_2023_12_q20,unaligned reads,,11.86,0.602067
HG01960,SRR30729137,SRP305758,PRJNA701308,SAMN37797102,HG01960_PB1_dc_m54306Ue_220409_033640,PacBio HiFi sequencing of HG01960 rebasecalled with DeepConsensus v1.2,WGS,GENOMIC,size fractionation,single,PACBIO_SMRT,Sequel II,HiFi sequencing of 20kb fractionated gDNA,fastq,Megaruptor 3,Pippin HT,deepconsensus,1.2,P2,C2,Rockefeller University,vgl-lab@rockefeller.edu,HG01960.m54306Ue_220409_033640.dc.q20.fastq.gz,1927354,35016174527,35.02,114,62892,18168,14301,17228,21111,15360,18734,23013,s3://human-pangenomics/working/HPRC/HG01960/raw_data/PacBio_HiFi/deepconsensus/v1pt2/HG01960.m54306Ue_220409_033640.dc.q20.fastq.gz,HPRC_DEEPCONSENSUS_v1pt2_2024_02_q20_re-run,unaligned reads,,11.3,0.612111
HG01960,SRR30729140,SRP305758,PRJNA701308,SAMN37797102,HG01960_PB1_dc_m54306Ue_220410_130603,PacBio HiFi sequencing of HG01960 rebasecalled with DeepConsensus v1.2,WGS,GENOMIC,size fractionation,single,PACBIO_SMRT,Sequel II,HiFi sequencing of 20kb fractionated gDNA,fastq,Megaruptor 3,Pippin HT,deepconsensus,1.2,P2,C2,Rockefeller University,vgl-lab@rockefeller.edu,HG01960.m54306Ue_220410_130603.dc.q20.fastq.gz,1578562,28789071958,28.79,114,68157,18237,14356,17303,21205,15420,18818,23106,s3://human-pangenomics/working/HPRC/HG01960/raw_data/PacBio_HiFi/deepconsensus/v1pt2/HG01960.m54306Ue_220410_130603.dc.q20.fastq.gz,HPRC_DEEPCONSENSUS_v1pt2_2024_02_q20_re-run,unaligned reads,,9.29,0.567166
HG01960,SRR30729138,SRP305758,PRJNA701308,SAMN37797102,HG01960_PB1_dc_m64330e_220401_181429,PacBio HiFi sequencing of HG01960 rebasecalled with DeepConsensus v1.2,WGS,GENOMIC,size fractionation,single,PACBIO_SMRT,Sequel II,HiFi sequencing of 20kb fractionated gDNA,fastq,Megaruptor 3,Pippin HT,deepconsensus,1.2,P2,C2,Rockefeller University,vgl-lab@rockefeller.edu,HG01960.m64330e_220401_181429.dc.q20.fastq.gz,1640639,29448483276,29.45,124,75765,17949,14180,17008,20807,15184,18476,22658,s3://human-pangenomics/working/HPRC/HG01960/raw_data/PacBio_HiFi/deepconsensus/v1pt2/HG01960.m64330e_220401_181429.dc.q20.fastq.gz,HPRC_DEEPCONSENSUS_v1pt2_2024_02_q20_re-run,unaligned reads,,9.5,0.59768
HG01960,SRR30729136,SRP305758,PRJNA701308,SAMN37797102,HG01960_PB1_dc_m64330e_220412_185021,PacBio HiFi sequencing of HG01960 rebasecalled with DeepConsensus v1.2,WGS,GENOMIC,size fractionation,single,PACBIO_SMRT,Sequel II,HiFi sequencing of 20kb fractionated gDNA,fastq,Megaruptor 3,Pippin HT,deepconsensus,1.2,P2,C2,Rockefeller University,vgl-lab@rockefeller.edu,HG01960.m64330e_220412_185021.dc.q20.fastq.gz,1844885,33255231381,33.26,424,67249,18025,14219,17085,20913,15242,18567,22773,s3://human-pangenomics/working/HPRC/HG01960/raw_data/PacBio_HiFi/deepconsensus/v1pt2/HG01960.m64330e_220412_185021.dc.q20.fastq.gz,HPRC_DEEPCONSENSUS_v1pt2_2024_02_q20_re-run,unaligned reads,,10.73,0.62242
HG01969,SRR30729132,SRP305758,PRJNA701308,SAMN37797103,HG01969_PB1_dc_m54306Ue_220227_055825,PacBio HiFi sequencing of HG01969 rebasecalled with DeepConsensus v1.2,WGS,GENOMIC,size fractionation,single,PACBIO_SMRT,Sequel II,HiFi sequencing of 20kb fractionated gDNA,fastq,Megaruptor 3,Pippin HT,deepconsensus,1.2,P2,C2,Rockefeller University,vgl-lab@rockefeller.edu,HG01969.m54306Ue_220227_055825.dc.q20.fastq.gz,872003,20537616025,20.54,541,76326,23552,19200,22183,26571,20044,23599,28675,s3://human-pangenomics/working/HPRC/HG01969/raw_data/PacBio_HiFi/deepconsensus/v1pt2/HG01969.m54306Ue_220227_055825.dc.q20.fastq.gz,HPRC_DEEPCONSENSUS_v1pt2_2024_02_q20_re-run,unaligned reads,,6.63,0.622047
HG01969,SRR30729135,SRP305758,PRJNA701308,SAMN37797103,HG01969_PB1_dc_m54306Ue_220422_144937,PacBio HiFi sequencing of HG01969 rebasecalled with DeepConsensus v1.2,WGS,GENOMIC,size fractionation,single,PACBIO_SMRT,Sequel II,HiFi sequencing of 20kb fractionated gDNA,fastq,Megaruptor 3,Pippin HT,deepconsensus,1.2,P2,C2,Rockefeller University,vgl-lab@rockefeller.edu,HG01969.m54306Ue_220422_144937.dc.q20.fastq.gz,1605810,37916993490,37.92,72,69290,23612,19160,22169,26683,20021,23658,28910,s3://human-pangenomics/working/HPRC/HG01969/raw_data/PacBio_HiFi/deepconsensus/v1pt2/HG01969.m54306Ue_220422_144937.dc.q20.fastq.gz,HPRC_DEEPCONSENSUS_v1pt2_2024_02_q20_re-run,unaligned reads,,12.23,0.566879
HG01969,SRR30729133,SRP305758,PRJNA701308,SAMN37797103,HG01969_PB1_dc_m64055e_220506_051029,PacBio HiFi sequencing of HG01969 rebasecalled with DeepConsensus v1.2,WGS,GENOMIC,size fractionation,single,PACBIO_SMRT,Sequel II,HiFi sequencing of 20kb fractionated gDNA,fastq,Megaruptor 3,Pippin HT,deepconsensus,1.2,P2,C2,Rockefeller University,vgl-lab@rockefeller.edu,HG01969.m64055e_220506_051029.dc.q20.fastq.gz,1431352,25563667027,25.56,384,66157,17859,12877,16620,21511,14643,19127,24486,s3://human-pangenomics/working/HPRC/HG01969/raw_data/PacBio_HiFi/deepconsensus/v1pt2/HG01969.m64055e_220506_051029.dc.q20.fastq.gz,HPRC_DEEPCONSENSUS_v1pt2_2024_02_q20_re-run,unaligned reads,,8.25,0.613229
HG01969,SRR30729131,SRP305758,PRJNA701308,SAMN37797103,HG01969_PB1_dc_m64055e_220517_182131,PacBio HiFi sequencing of HG01969 rebasecalled with DeepConsensus v1.2,WGS,GENOMIC,size fractionation,single,PACBIO_SMRT,Sequel II,HiFi sequencing of 20kb fractionated gDNA,fastq,Megaruptor 3,Pippin HT,deepconsensus,1.2,P2,C2,Rockefeller University,vgl-lab@rockefeller.edu,HG01969.m64055e_220517_182131.dc.q20.fastq.gz,592297,10516090364,10.52,56,64972,17754,12834,16550,21398,14580,19006,24287,s3://human-pangenomics/working/HPRC/HG01969/raw_data/PacBio_HiFi/deepconsensus/v1pt2/HG01969.m64055e_220517_182131.dc.q20.fastq.gz,HPRC_DEEPCONSENSUS_v1pt2_2024_02_q20_re-run,unaligned reads,,3.39,0.66503
HG01969,SRR30729134,SRP305758,PRJNA701308,SAMN37797103,HG01969_PB1_dc_m64330e_220305_053001,PacBio HiFi sequencing of HG01969 rebasecalled with DeepConsensus v1.2,WGS,GENOMIC,size fractionation,single,PACBIO_SMRT,Sequel II,HiFi sequencing of 20kb fractionated gDNA,fastq,Megaruptor 3,Pippin HT,deepconsensus,1.2,P2,C2,Rockefeller University,vgl-lab@rockefeller.edu,HG01969.m64330e_220305_053001.dc.q20.fastq.gz,868827,16653069728,16.65,279,69333,19167,14188,17884,22840,15898,20311,25935,s3://human-pangenomics/working/HPRC/HG01969/raw_data/PacBio_HiFi/deepconsensus/v1pt2/HG01969.m64330e_220305_053001.dc.q20.fastq.gz,HPRC_DEEPCONSENSUS_v1pt2_2024_02_q20_re-run,unaligned reads,,5.37,0.610169
HG01969,SRR30729130,SRP305758,PRJNA701308,SAMN37797103,HG01969_PB1_dc_m64334e_220415_144515,PacBio HiFi sequencing of HG01969 rebasecalled with DeepConsensus v1.2,WGS,GENOMIC,size fractionation,single,PACBIO_SMRT,Sequel II,HiFi sequencing of 20kb fractionated gDNA,fastq,Megaruptor 3,Pippin HT,deepconsensus,1.2,P2,C2,Rockefeller University,vgl-lab@rockefeller.edu,HG01969.m64334e_220415_144515.dc.q20.fastq.gz,745701,10855296086,10.86,209,39592,14557,12744,14190,16123,13114,14684,16799,s3://human-pangenomics/working/HPRC/HG01969/raw_data/PacBio_HiFi/deepconsensus/v1pt2/HG01969.m64334e_220415_144515.dc.q20.fastq.gz,HPRC_DEEPCONSENSUS_v1pt2_2024_02_q20_re-run,unaligned reads,,3.5,0.6728
HG01975,SRR26545343,SRP305758,PRJNA701308,SAMN33621947,HG01975_lib1_dc,PacBio HiFi sequencing of HG01975 rebasecalled with DeepConsensus v1.2,WGS,GENOMIC,size fractionation,single,PACBIO_SMRT,Sequel II,HiFi sequencing of 20kb fractionated gDNA,fastq,Megaruptor 3,PippinHT,deepconsensus,1.2,P2,C2,University of Washington,kmiyamot@uw.edu,HG01975.m64043_211113_003158.dc.q20.fastq.gz,2122924,41924253993,41.92,559,62559,19748,17645,18937,20899,17835,19287,21600,s3://human-pangenomics/working/HPRC/HG01975/raw_data/PacBio_HiFi/deepconsensus/v1pt2/HG01975.m64043_211113_003158.dc.q20.fastq.gz,HPRC_DEEPCONSENSUS_v1pt2_2023_08_q20,unaligned reads,,13.52,
HG01975,SRR26545343,SRP305758,PRJNA701308,SAMN33621947,HG01975_lib1_dc,PacBio HiFi sequencing of HG01975 rebasecalled with DeepConsensus v1.2,WGS,GENOMIC,size fractionation,single,PACBIO_SMRT,Sequel II,HiFi sequencing of 20kb fractionated gDNA,fastq,Megaruptor 3,PippinHT,deepconsensus,1.2,P2,C2,University of Washington,kmiyamot@uw.edu,HG01975.m64043_211114_112934.dc.q20.fastq.gz,2042426,40296908772,40.3,189,61098,19729,17636,18926,20878,17825,19274,21562,s3://human-pangenomics/working/HPRC/HG01975/raw_data/PacBio_HiFi/deepconsensus/v1pt2/HG01975.m64043_211114_112934.dc.q20.fastq.gz,HPRC_DEEPCONSENSUS_v1pt2_2023_08_q20,unaligned reads,,13,
HG01975,SRR26545343,SRP305758,PRJNA701308,SAMN33621947,HG01975_lib1_dc,PacBio HiFi sequencing of HG01975 rebasecalled with DeepConsensus v1.2,WGS,GENOMIC,size fractionation,single,PACBIO_SMRT,Sequel II,HiFi sequencing of 20kb fractionated gDNA,fastq,Megaruptor 3,PippinHT,deepconsensus,1.2,P2,C2,University of Washington,kmiyamot@uw.edu,HG01975.m64043_211115_222749.dc.q20.fastq.gz,1647701,32558601172,32.56,226,62458,19760,17647,18944,20918,17837,19297,21624,s3://human-pangenomics/working/HPRC/HG01975/raw_data/PacBio_HiFi/deepconsensus/v1pt2/HG01975.m64043_211115_222749.dc.q20.fastq.gz,HPRC_DEEPCONSENSUS_v1pt2_2023_08_q20,unaligned reads,,10.5,
HG01975,SRR26545343,SRP305758,PRJNA701308,SAMN33621947,HG01975_lib1_dc,PacBio HiFi sequencing of HG01975 rebasecalled with DeepConsensus v1.2,WGS,GENOMIC,size fractionation,single,PACBIO_SMRT,Sequel II,HiFi sequencing of 20kb fractionated gDNA,fastq,Megaruptor 3,PippinHT,deepconsensus,1.2,P2,C2,University of Washington,kmiyamot@uw.edu,HG01975.m64043_211222_184851.dc.q20.fastq.gz,336489,6637856253,6.64,975,67416,19726,17632,18915,20867,17820,19262,21564,s3://human-pangenomics/working/HPRC/HG01975/raw_data/PacBio_HiFi/deepconsensus/v1pt2/HG01975.m64043_211222_184851.dc.q20.fastq.gz,HPRC_DEEPCONSENSUS_v1pt2_2023_08_q20,unaligned reads,,2.14,
HG01978,,SRP305758,PRJNA701308,SAMN17861662,HG01978_lib1_dc_m64136_200530_164818,PacBio HiFi sequencing of HG01978 rebasecalled with DeepConsensus v1.2,WGS,GENOMIC,size fractionation,single,PACBIO_SMRT,Sequel II,HiFi sequencing of 20kb fractionated gDNA,fastq,Megaruptor 1,SageELF,deepconsensus,1.2,,,Washington University,tgraves@wustl.edu,HG01978.m64136_200530_164818.dc.q20.fastq.gz,1437014,37984471499,37.98,7,51726,26432,22972,25594,29160,23574,26445,30356,s3://human-pangenomics/working/HPRC/HG01978/raw_data/PacBio_HiFi/deepconsensus/v1pt2/HG01978.m64136_200530_164818.dc.q20.fastq.gz,HPRC_DEEPCONSENSUS_v1pt2_2023_12_q20,unaligned reads,,12.25,0.557189
HG01978,,SRP305758,PRJNA701308,SAMN17861662,HG01978_lib1_dc_m64136_200602_153012,PacBio HiFi sequencing of HG01978 rebasecalled with DeepConsensus v1.2,WGS,GENOMIC,size fractionation,single,PACBIO_SMRT,Sequel II,HiFi sequencing of 20kb fractionated gDNA,fastq,Megaruptor 1,SageELF,deepconsensus,1.2,,,Washington University,tgraves@wustl.edu,HG01978.m64136_200602_153012.dc.q20.fastq.gz,1413877,37741115139,37.74,26,51953,26693,23205,25874,29478,23816,26736,30651,s3://human-pangenomics/working/HPRC/HG01978/raw_data/PacBio_HiFi/deepconsensus/v1pt2/HG01978.m64136_200602_153012.dc.q20.fastq.gz,HPRC_DEEPCONSENSUS_v1pt2_2023_12_q20,unaligned reads,,12.17,0.564085
HG01978,,SRP305758,PRJNA701308,SAMN17861662,HG01978_lib1_dc_m64136_200603_214308,PacBio HiFi sequencing of HG01978 rebasecalled with DeepConsensus v1.2,WGS,GENOMIC,size fractionation,single,PACBIO_SMRT,Sequel II,HiFi sequencing of 20kb fractionated gDNA,fastq,Megaruptor 1,SageELF,deepconsensus,1.2,,,Washington University,tgraves@wustl.edu,HG01978.m64136_200603_214308.dc.q20.fastq.gz,1514052,40240440043,40.24,44,51519,26577,23077,25779,29369,23693,26655,30532,s3://human-pangenomics/working/HPRC/HG01978/raw_data/PacBio_HiFi/deepconsensus/v1pt2/HG01978.m64136_200603_214308.dc.q20.fastq.gz,HPRC_DEEPCONSENSUS_v1pt2_2023_12_q20,unaligned reads,,12.98,0.584172
HG01978,,SRP305758,PRJNA701308,SAMN17861662,HG01978_lib1_dc_m64136_200605_040848,PacBio HiFi sequencing of HG01978 rebasecalled with DeepConsensus v1.2,WGS,GENOMIC,size fractionation,single,PACBIO_SMRT,Sequel II,HiFi sequencing of 20kb fractionated gDNA,fastq,Megaruptor 1,SageELF,deepconsensus,1.2,,,Washington University,tgraves@wustl.edu,HG01978.m64136_200605_040848.dc.q20.fastq.gz,1471525,39127439962,39.13,38,53938,26589,23088,25780,29369,23701,26648,30549,s3://human-pangenomics/working/HPRC/HG01978/raw_data/PacBio_HiFi/deepconsensus/v1pt2/HG01978.m64136_200605_040848.dc.q20.fastq.gz,HPRC_DEEPCONSENSUS_v1pt2_2023_12_q20,unaligned reads,,12.62,0.578968
HG01978,SRR30729127,SRP305758,PRJNA701308,SAMN17861662,HG01978_lib1_dc_m64136_220520_191100,PacBio HiFi sequencing of HG01978 rebasecalled with DeepConsensus v1.2,WGS,GENOMIC,size fractionation,single,PACBIO_SMRT,Sequel II,HiFi sequencing of 20kb fractionated gDNA,fastq,Megaruptor 1,SageELF,deepconsensus,1.2,P2.2,C2,Washington University,tgraves@wustl.edu,HG01978.m64136_220520_191100.dc.q20.fastq.gz,1955347,38676771751,38.68,75,65507,19780,17438,18722,20730,17657,19119,21809,s3://human-pangenomics/working/HPRC/HG01978/raw_data/PacBio_HiFi/deepconsensus/v1pt2/HG01978.m64136_220520_191100.dc.q20.fastq.gz,HPRC_DEEPCONSENSUS_v1pt2_2024_02_q20_re-run,unaligned reads,,12.48,0.566192
HG01978,SRR30729129,SRP305758,PRJNA701308,SAMN17861662,HG01978_lib1_dc_m64136_220522_143827,PacBio HiFi sequencing of HG01978 rebasecalled with DeepConsensus v1.2,WGS,GENOMIC,size fractionation,single,PACBIO_SMRT,Sequel II,HiFi sequencing of 20kb fractionated gDNA,fastq,Megaruptor 1,SageELF,deepconsensus,1.2,P2.2,C2,Washington University,tgraves@wustl.edu,HG01978.m64136_220522_143827.dc.q20.fastq.gz,2541107,50231868375,50.23,86,77760,19767,17431,18707,20718,17649,19105,21787,s3://human-pangenomics/working/HPRC/HG01978/raw_data/PacBio_HiFi/deepconsensus/v1pt2/HG01978.m64136_220522_143827.dc.q20.fastq.gz,HPRC_DEEPCONSENSUS_v1pt2_2024_02_q20_re-run,unaligned reads,,16.2,0.548875
HG01981,SRR25618938,SRP305758,PRJNA701308,SAMN26237500,HG01981_lib1_dc,PacBio HiFi sequencing of HG01981 rebasecalled with DeepConsensus v1.2,WGS,GENOMIC,size fractionation,single,PACBIO_SMRT,Sequel II,HiFi sequencing of 20kb fractionated gDNA,fastq,Megaruptor 1,SageELF,deepconsensus,1.2,P2.2,C2,Washington University,tgraves@wustl.edu,HG01981.m64136_210625_184731.dc.q20.fastq.gz,1681347,37762533912,37.76,43,50898,22459,20078,21713,24001,20350,22141,24686,s3://human-pangenomics/working/HPRC/HG01981/raw_data/PacBio_HiFi/deepconsensus/v1pt2/HG01981.m64136_210625_184731.dc.q20.fastq.gz,HPRC_DEEPCONSENSUS_v1pt2,unaligned reads,,12.18,
HG01981,SRR25618938,SRP305758,PRJNA701308,SAMN26237500,HG01981_lib1_dc,PacBio HiFi sequencing of HG01981 rebasecalled with DeepConsensus v1.2,WGS,GENOMIC,size fractionation,single,PACBIO_SMRT,Sequel II,HiFi sequencing of 20kb fractionated gDNA,fastq,Megaruptor 1,SageELF,deepconsensus,1.2,P2.2,C2,Washington University,tgraves@wustl.edu,HG01981.m64136_210627_054246.dc.q20.fastq.gz,1956854,43960296289,43.96,102,50860,22464,20076,21715,24024,20349,22149,24708,s3://human-pangenomics/working/HPRC/HG01981/raw_data/PacBio_HiFi/deepconsensus/v1pt2/HG01981.m64136_210627_054246.dc.q20.fastq.gz,HPRC_DEEPCONSENSUS_v1pt2,unaligned reads,,14.18,
HG01981,SRR25618938,SRP305758,PRJNA701308,SAMN26237500,HG01981_lib1_dc,PacBio HiFi sequencing of HG01981 rebasecalled with DeepConsensus v1.2,WGS,GENOMIC,size fractionation,single,PACBIO_SMRT,Sequel II,HiFi sequencing of 20kb fractionated gDNA,fastq,Megaruptor 1,SageELF,deepconsensus,1.2,P2.2,C2,Washington University,tgraves@wustl.edu,HG01981.m64136_210628_163953.dc.q20.fastq.gz,1707330,38494068734,38.49,151,50664,22546,20115,21786,24128,20397,22233,24832,s3://human-pangenomics/working/HPRC/HG01981/raw_data/PacBio_HiFi/deepconsensus/v1pt2/HG01981.m64136_210628_163953.dc.q20.fastq.gz,HPRC_DEEPCONSENSUS_v1pt2,unaligned reads,,12.42,
HG01993,SRR25618937,SRP305758,PRJNA701308,SAMN26237501,HG01993_lib1_dc,PacBio HiFi sequencing of HG01993 rebasecalled with DeepConsensus v1.2,WGS,GENOMIC,size fractionation,single,PACBIO_SMRT,Sequel II,HiFi sequencing of 20kb fractionated gDNA,fastq,Megaruptor 1,SageELF,deepconsensus,1.2,P2.2,C2,Washington University,tgraves@wustl.edu,HG01993.m64043_210620_041711.dc.q20.fastq.gz,1991485,41419254125,41.42,89,50166,20798,18670,20325,22468,18966,20732,23013,s3://human-pangenomics/working/HPRC/HG01993/raw_data/PacBio_HiFi/deepconsensus/v1pt2/HG01993.m64043_210620_041711.dc.q20.fastq.gz,HPRC_DEEPCONSENSUS_v1pt2,unaligned reads,,13.36,
HG01993,SRR25618937,SRP305758,PRJNA701308,SAMN26237501,HG01993_lib1_dc,PacBio HiFi sequencing of HG01993 rebasecalled with DeepConsensus v1.2,WGS,GENOMIC,size fractionation,single,PACBIO_SMRT,Sequel II,HiFi sequencing of 20kb fractionated gDNA,fastq,Megaruptor 1,SageELF,deepconsensus,1.2,P2.2,C2,Washington University,tgraves@wustl.edu,HG01993.m64043_210622_163331.dc.q20.fastq.gz,2163858,44634069005,44.63,42,50531,20627,18550,20160,22251,18833,20551,22780,s3://human-pangenomics/working/HPRC/HG01993/raw_data/PacBio_HiFi/deepconsensus/v1pt2/HG01993.m64043_210622_163331.dc.q20.fastq.gz,HPRC_DEEPCONSENSUS_v1pt2,unaligned reads,,14.4,
HG01993,SRR25618937,SRP305758,PRJNA701308,SAMN26237501,HG01993_lib1_dc,PacBio HiFi sequencing of HG01993 rebasecalled with DeepConsensus v1.2,WGS,GENOMIC,size fractionation,single,PACBIO_SMRT,Sequel II,HiFi sequencing of 20kb fractionated gDNA,fastq,Megaruptor 1,SageELF,deepconsensus,1.2,P2.2,C2,Washington University,tgraves@wustl.edu,HG01993.m64043_210624_032817.dc.q20.fastq.gz,1633058,33935738448,33.94,712,50657,20780,18664,20312,22440,18958,20712,22980,s3://human-pangenomics/working/HPRC/HG01993/raw_data/PacBio_HiFi/deepconsensus/v1pt2/HG01993.m64043_210624_032817.dc.q20.fastq.gz,HPRC_DEEPCONSENSUS_v1pt2,unaligned reads,,10.95,
HG02004,SRR25618936,SRP305758,PRJNA701308,SAMN26237502,HG02004_lib1_dc,PacBio HiFi sequencing of HG02004 rebasecalled with DeepConsensus v1.2,WGS,GENOMIC,size fractionation,single,PACBIO_SMRT,Sequel II,HiFi sequencing of 20kb fractionated gDNA,fastq,Megaruptor 1,SageELF,deepconsensus,1.2,P2.2,C2,Washington University,tgraves@wustl.edu,HG02004.m64043_210709_205614.dc.q20.fastq.gz,1824719,35551181847,35.55,86,50320,19483,16528,18598,21773,16930,19581,22699,s3://human-pangenomics/working/HPRC/HG02004/raw_data/PacBio_HiFi/deepconsensus/v1pt2/HG02004.m64043_210709_205614.dc.q20.fastq.gz,HPRC_DEEPCONSENSUS_v1pt2,unaligned reads,,11.47,
HG02004,SRR25618936,SRP305758,PRJNA701308,SAMN26237502,HG02004_lib1_dc,PacBio HiFi sequencing of HG02004 rebasecalled with DeepConsensus v1.2,WGS,GENOMIC,size fractionation,single,PACBIO_SMRT,Sequel II,HiFi sequencing of 20kb fractionated gDNA,fastq,Megaruptor 1,SageELF,deepconsensus,1.2,P2.2,C2,Washington University,tgraves@wustl.edu,HG02004.m64136_210702_183526.dc.q20.fastq.gz,1923385,36949205465,36.95,47,50661,19210,16340,18205,21437,16703,19149,22374,s3://human-pangenomics/working/HPRC/HG02004/raw_data/PacBio_HiFi/deepconsensus/v1pt2/HG02004.m64136_210702_183526.dc.q20.fastq.gz,HPRC_DEEPCONSENSUS_v1pt2,unaligned reads,,11.92,
HG02004,SRR25618936,SRP305758,PRJNA701308,SAMN26237502,HG02004_lib1_dc,PacBio HiFi sequencing of HG02004 rebasecalled with DeepConsensus v1.2,WGS,GENOMIC,size fractionation,single,PACBIO_SMRT,Sequel II,HiFi sequencing of 20kb fractionated gDNA,fastq,Megaruptor 1,SageELF,deepconsensus,1.2,P2.2,C2,Washington University,tgraves@wustl.edu,HG02004.m64136_210704_053041.dc.q20.fastq.gz,1305527,25391499457,25.39,1,50418,19449,16471,18522,21759,16872,19537,22703,s3://human-pangenomics/working/HPRC/HG02004/raw_data/PacBio_HiFi/deepconsensus/v1pt2/HG02004.m64136_210704_053041.dc.q20.fastq.gz,HPRC_DEEPCONSENSUS_v1pt2,unaligned reads,,8.19,
HG02004,SRR25618936,SRP305758,PRJNA701308,SAMN26237502,HG02004_lib1_dc,PacBio HiFi sequencing of HG02004 rebasecalled with DeepConsensus v1.2,WGS,GENOMIC,size fractionation,single,PACBIO_SMRT,Sequel II,HiFi sequencing of 20kb fractionated gDNA,fastq,Megaruptor 1,SageELF,deepconsensus,1.2,P2.2,C2,Washington University,tgraves@wustl.edu,HG02004.m64136_210705_162724.dc.q20.fastq.gz,1714280,33838321685,33.84,88,50515,19739,16677,18998,22111,17126,19979,23018,s3://human-pangenomics/working/HPRC/HG02004/raw_data/PacBio_HiFi/deepconsensus/v1pt2/HG02004.m64136_210705_162724.dc.q20.fastq.gz,HPRC_DEEPCONSENSUS_v1pt2,unaligned reads,,10.92,
HG02015,SRR26545342,SRP305758,PRJNA701308,SAMN33621948,HG02015_lib1_dc,PacBio HiFi sequencing of HG02015 rebasecalled with DeepConsensus v1.2,WGS,GENOMIC,size fractionation,single,PACBIO_SMRT,Sequel II,HiFi sequencing of 20kb fractionated gDNA,fastq,Megaruptor 3,PippinHT,deepconsensus,1.2,P2,C2,University of Washington,kmiyamot@uw.edu,HG02015.m64043_210901_164337.dc.q20.fastq.gz,1972837,37043142999,37.04,277,69761,18776,16180,17715,20903,16461,18414,21805,s3://human-pangenomics/working/HPRC/HG02015/raw_data/PacBio_HiFi/deepconsensus/v1pt2/HG02015.m64043_210901_164337.dc.q20.fastq.gz,HPRC_DEEPCONSENSUS_v1pt2_2023_08_q20,unaligned reads,,11.95,
HG02015,SRR26545342,SRP305758,PRJNA701308,SAMN33621948,HG02015_lib1_dc,PacBio HiFi sequencing of HG02015 rebasecalled with DeepConsensus v1.2,WGS,GENOMIC,size fractionation,single,PACBIO_SMRT,Sequel II,HiFi sequencing of 20kb fractionated gDNA,fastq,Megaruptor 3,PippinHT,deepconsensus,1.2,P2,C2,University of Washington,kmiyamot@uw.edu,HG02015.m64043_210903_163032.dc.q20.fastq.gz,2365972,44319574571,44.32,78,63165,18732,16168,17681,20825,16445,18353,21723,s3://human-pangenomics/working/HPRC/HG02015/raw_data/PacBio_HiFi/deepconsensus/v1pt2/HG02015.m64043_210903_163032.dc.q20.fastq.gz,HPRC_DEEPCONSENSUS_v1pt2_2023_08_q20,unaligned reads,,14.3,
HG02015,SRR26545342,SRP305758,PRJNA701308,SAMN33621948,HG02015_lib1_dc,PacBio HiFi sequencing of HG02015 rebasecalled with DeepConsensus v1.2,WGS,GENOMIC,size fractionation,single,PACBIO_SMRT,Sequel II,HiFi sequencing of 20kb fractionated gDNA,fastq,Megaruptor 3,PippinHT,deepconsensus,1.2,P2,C2,University of Washington,kmiyamot@uw.edu,HG02015.m64043_210905_032603.dc.q20.fastq.gz,2383211,44513001720,44.51,201,57848,18677,16149,17631,20738,16417,18273,21630,s3://human-pangenomics/working/HPRC/HG02015/raw_data/PacBio_HiFi/deepconsensus/v1pt2/HG02015.m64043_210905_032603.dc.q20.fastq.gz,HPRC_DEEPCONSENSUS_v1pt2_2023_08_q20,unaligned reads,,14.36,
HG02027,SRR25618935,SRP305758,PRJNA701308,SAMN26237503,HG02027_lib1_dc,PacBio HiFi sequencing of HG02027 rebasecalled with DeepConsensus v1.2,WGS,GENOMIC,size fractionation,single,PACBIO_SMRT,Sequel II,HiFi sequencing of 20kb fractionated gDNA,fastq,Megaruptor 1,SageELF,deepconsensus,1.2,P2.2,C2,Washington University,tgraves@wustl.edu,HG02027.m64136_210205_190622.dc.q20.fastq.gz,2094313,40337574813,40.34,16,50720,19260,17135,18511,20473,17387,18895,21205,s3://human-pangenomics/working/HPRC/HG02027/raw_data/PacBio_HiFi/deepconsensus/v1pt2/HG02027.m64136_210205_190622.dc.q20.fastq.gz,HPRC_DEEPCONSENSUS_v1pt2,unaligned reads,,13.01,
HG02027,SRR25618935,SRP305758,PRJNA701308,SAMN26237503,HG02027_lib1_dc,PacBio HiFi sequencing of HG02027 rebasecalled with DeepConsensus v1.2,WGS,GENOMIC,size fractionation,single,PACBIO_SMRT,Sequel II,HiFi sequencing of 20kb fractionated gDNA,fastq,Megaruptor 1,SageELF,deepconsensus,1.2,P2.2,C2,Washington University,tgraves@wustl.edu,HG02027.m64136_210207_012053.dc.q20.fastq.gz,1951619,37673248769,37.67,24,50927,19303,17153,18544,20552,17409,18939,21302,s3://human-pangenomics/working/HPRC/HG02027/raw_data/PacBio_HiFi/deepconsensus/v1pt2/HG02027.m64136_210207_012053.dc.q20.fastq.gz,HPRC_DEEPCONSENSUS_v1pt2,unaligned reads,,12.15,
HG02027,SRR25618935,SRP305758,PRJNA701308,SAMN26237503,HG02027_lib1_dc,PacBio HiFi sequencing of HG02027 rebasecalled with DeepConsensus v1.2,WGS,GENOMIC,size fractionation,single,PACBIO_SMRT,Sequel II,HiFi sequencing of 20kb fractionated gDNA,fastq,Megaruptor 1,SageELF,deepconsensus,1.2,P2.2,C2,Washington University,tgraves@wustl.edu,HG02027.m64136_210209_184241.dc.q20.fastq.gz,1974985,37987189145,37.99,1,49607,19234,17117,18488,20456,17366,18871,21182,s3://human-pangenomics/working/HPRC/HG02027/raw_data/PacBio_HiFi/deepconsensus/v1pt2/HG02027.m64136_210209_184241.dc.q20.fastq.gz,HPRC_DEEPCONSENSUS_v1pt2,unaligned reads,,12.25,
HG02027,SRR25618935,SRP305758,PRJNA701308,SAMN26237503,HG02027_lib1_dc,PacBio HiFi sequencing of HG02027 rebasecalled with DeepConsensus v1.2,WGS,GENOMIC,size fractionation,single,PACBIO_SMRT,Sequel II,HiFi sequencing of 20kb fractionated gDNA,fastq,Megaruptor 1,SageELF,deepconsensus,1.2,P2.2,C2,Washington University,tgraves@wustl.edu,HG02027.m64136_210211_010151.dc.q20.fastq.gz,1917184,37594199977,37.59,4,50145,19609,17335,18788,20922,17608,19217,21787,s3://human-pangenomics/working/HPRC/HG02027/raw_data/PacBio_HiFi/deepconsensus/v1pt2/HG02027.m64136_210211_010151.dc.q20.fastq.gz,HPRC_DEEPCONSENSUS_v1pt2,unaligned reads,,12.13,
HG02040,SRR26545341,SRP305758,PRJNA701308,SAMN33758784,HG02040.HFSS2_dc,PacBio HiFi sequencing of HG02040 rebasecalled with DeepConsensus v1.2,WGS,GENOMIC,size fractionation,single,PACBIO_SMRT,Sequel II,HiFi sequencing of 20kb fractionated gDNA,fastq,Megaruptor 3,PippinHT,deepconsensus,1.2,P2,C2,University of Washington,kmiyamot@uw.edu,HG02040.m64076_220908_204946.dc.q20.fastq.gz,2352028,48000009407,48,131,65424,20407,17440,19777,23026,18068,20710,24222,s3://human-pangenomics/working/HPRC/HG02040/raw_data/PacBio_HiFi/deepconsensus/v1pt2/HG02040.m64076_220908_204946.dc.q20.fastq.gz,HPRC_DEEPCONSENSUS_v1pt2_2023_08_q20,unaligned reads,,15.48,
HG02040,SRR26545341,SRP305758,PRJNA701308,SAMN33758784,HG02040.HFSS2_dc,PacBio HiFi sequencing of HG02040 rebasecalled with DeepConsensus v1.2,WGS,GENOMIC,size fractionation,single,PACBIO_SMRT,Sequel II,HiFi sequencing of 20kb fractionated gDNA,fastq,Megaruptor 3,PippinHT,deepconsensus,1.2,P2,C2,University of Washington,kmiyamot@uw.edu,HG02040.m64076_220910_174812.dc.q20.fastq.gz,2522601,52914762699,52.91,225,72616,20976,17791,20259,23601,18415,21201,24764,s3://human-pangenomics/working/HPRC/HG02040/raw_data/PacBio_HiFi/deepconsensus/v1pt2/HG02040.m64076_220910_174812.dc.q20.fastq.gz,HPRC_DEEPCONSENSUS_v1pt2_2023_08_q20,unaligned reads,,17.07,
HG02040,SRR26545341,SRP305758,PRJNA701308,SAMN33758784,HG02040.HFSS2_dc,PacBio HiFi sequencing of HG02040 rebasecalled with DeepConsensus v1.2,WGS,GENOMIC,size fractionation,single,PACBIO_SMRT,Sequel II,HiFi sequencing of 20kb fractionated gDNA,fastq,Megaruptor 3,PippinHT,deepconsensus,1.2,P2,C2,University of Washington,kmiyamot@uw.edu,HG02040.m64076_220912_140850.dc.q20.fastq.gz,2463054,52129277237,52.13,88,73774,21164,17925,20450,23831,18567,21402,24986,s3://human-pangenomics/working/HPRC/HG02040/raw_data/PacBio_HiFi/deepconsensus/v1pt2/HG02040.m64076_220912_140850.dc.q20.fastq.gz,HPRC_DEEPCONSENSUS_v1pt2_2023_08_q20,unaligned reads,,16.82,
HG02056,SRR26545340,SRP305758,PRJNA701308,SAMN33621949,HG02056_lib1_dc,PacBio HiFi sequencing of HG02056 rebasecalled with DeepConsensus v1.2,WGS,GENOMIC,size fractionation,single,PACBIO_SMRT,Sequel II,HiFi sequencing of 20kb fractionated gDNA,fastq,Megaruptor 3,PippinHT,deepconsensus,1.2,P2,C2,University of Washington,kmiyamot@uw.edu,HG02056.m64043_220114_181052.dc.q20.fastq.gz,1568503,32515302036,32.52,375,62265,20730,18019,19942,23257,18493,20750,24547,s3://human-pangenomics/working/HPRC/HG02056/raw_data/PacBio_HiFi/deepconsensus/v1pt2/HG02056.m64043_220114_181052.dc.q20.fastq.gz,HPRC_DEEPCONSENSUS_v1pt2_2023_08_q20,unaligned reads,,10.49,
HG02056,SRR26545340,SRP305758,PRJNA701308,SAMN33621949,HG02056_lib1_dc,PacBio HiFi sequencing of HG02056 rebasecalled with DeepConsensus v1.2,WGS,GENOMIC,size fractionation,single,PACBIO_SMRT,Sequel II,HiFi sequencing of 20kb fractionated gDNA,fastq,Megaruptor 3,PippinHT,deepconsensus,1.2,P2,C2,University of Washington,kmiyamot@uw.edu,HG02056.m64136_211118_185339.dc.q20.fastq.gz,1816326,36223085229,36.22,112,60285,19943,17777,19281,21492,18103,19757,22444,s3://human-pangenomics/working/HPRC/HG02056/raw_data/PacBio_HiFi/deepconsensus/v1pt2/HG02056.m64136_211118_185339.dc.q20.fastq.gz,HPRC_DEEPCONSENSUS_v1pt2_2023_08_q20,unaligned reads,,11.68,
HG02056,SRR26545340,SRP305758,PRJNA701308,SAMN33621949,HG02056_lib1_dc,PacBio HiFi sequencing of HG02056 rebasecalled with DeepConsensus v1.2,WGS,GENOMIC,size fractionation,single,PACBIO_SMRT,Sequel II,HiFi sequencing of 20kb fractionated gDNA,fastq,Megaruptor 3,PippinHT,deepconsensus,1.2,P2,C2,University of Washington,kmiyamot@uw.edu,HG02056.m64136_211120_043838.dc.q20.fastq.gz,1757465,35024314025,35.02,616,57533,19928,17773,19268,21471,18096,19740,22405,s3://human-pangenomics/working/HPRC/HG02056/raw_data/PacBio_HiFi/deepconsensus/v1pt2/HG02056.m64136_211120_043838.dc.q20.fastq.gz,HPRC_DEEPCONSENSUS_v1pt2_2023_08_q20,unaligned reads,,11.3,
HG02056,SRR26545340,SRP305758,PRJNA701308,SAMN33621949,HG02056_lib1_dc,PacBio HiFi sequencing of HG02056 rebasecalled with DeepConsensus v1.2,WGS,GENOMIC,size fractionation,single,PACBIO_SMRT,Sequel II,HiFi sequencing of 20kb fractionated gDNA,fastq,Megaruptor 3,PippinHT,deepconsensus,1.2,P2,C2,University of Washington,kmiyamot@uw.edu,HG02056.m64136_211121_153454.dc.q20.fastq.gz,1748194,34863233613,34.86,360,65568,19942,17778,19283,21507,18106,19762,22461,s3://human-pangenomics/working/HPRC/HG02056/raw_data/PacBio_HiFi/deepconsensus/v1pt2/HG02056.m64136_211121_153454.dc.q20.fastq.gz,HPRC_DEEPCONSENSUS_v1pt2_2023_08_q20,unaligned reads,,11.25,
HG02071,SRR30729234,SRP305758,PRJNA701308,SAMN26267380,HG02071a.HFSS_dc_m54329U_210507_224951,PacBio HiFi sequencing of HG02071 rebasecalled with DeepConsensus v1.2,WGS,GENOMIC,size fractionation,single,PACBIO_SMRT,Sequel II,HiFi sequencing of 20kb fractionated gDNA,fastq,Megaruptor 3,PippinHT,deepconsensus,1.2,P2.2,C2,University of Washington,kmiyamot@uw.edu,HG02071.m54329U_210507_224951.dc.q20.fastq.gz,198871,4098879227,4.1,768,44677,20610,17376,19774,23059,17952,20688,24250,s3://human-pangenomics/working/HPRC/HG02071/raw_data/PacBio_HiFi/deepconsensus/v1pt2/HG02071.m54329U_210507_224951.dc.q20.fastq.gz,HPRC_DEEPCONSENSUS_v1pt2_2024_02_q20_re-run,unaligned reads,,1.32,0.739159
HG02071,SRR30729125,SRP305758,PRJNA701308,SAMN26267380,HG02071.HFSS_dc_m64076_210604_225751,PacBio HiFi sequencing of HG02071 rebasecalled with DeepConsensus v1.2,WGS,GENOMIC,size fractionation,single,PACBIO_SMRT,Sequel II,HiFi sequencing of 20kb fractionated gDNA,fastq,Megaruptor 3,PippinHT,deepconsensus,1.2,P2.2,C2,University of Washington,kmiyamot@uw.edu,HG02071.m64076_210604_225751.dc.q20.fastq.gz,2098658,39918482027,39.92,76,56450,19020,16105,18359,21330,16653,19176,22326,s3://human-pangenomics/working/HPRC/HG02071/raw_data/PacBio_HiFi/deepconsensus/v1pt2/HG02071.m64076_210604_225751.dc.q20.fastq.gz,HPRC_DEEPCONSENSUS_v1pt2_2024_02_q20_re-run,unaligned reads,,12.88,0.55919
HG02071,SRR30729126,SRP305758,PRJNA701308,SAMN26267380,HG02071.HFSS_dc_m64076_210607_215041,PacBio HiFi sequencing of HG02071 rebasecalled with DeepConsensus v1.2,WGS,GENOMIC,size fractionation,single,PACBIO_SMRT,Sequel II,HiFi sequencing of 20kb fractionated gDNA,fastq,Megaruptor 3,PippinHT,deepconsensus,1.2,P2.2,C2,University of Washington,kmiyamot@uw.edu,HG02071.m64076_210607_215041.dc.q20.fastq.gz,2077347,39016097289,39.02,40,56020,18781,15933,18092,20994,16446,18873,21983,s3://human-pangenomics/working/HPRC/HG02071/raw_data/PacBio_HiFi/deepconsensus/v1pt2/HG02071.m64076_210607_215041.dc.q20.fastq.gz,HPRC_DEEPCONSENSUS_v1pt2_2024_02_q20_re-run,unaligned reads,,12.59,0.544848
HG02071,SRR30729235,SRP305758,PRJNA701308,SAMN26267380,HG02071.HFSS_dc_m64076_210609_084637,PacBio HiFi sequencing of HG02071 rebasecalled with DeepConsensus v1.2,WGS,GENOMIC,size fractionation,single,PACBIO_SMRT,Sequel II,HiFi sequencing of 20kb fractionated gDNA,fastq,Megaruptor 3,PippinHT,deepconsensus,1.2,P2.2,C2,University of Washington,kmiyamot@uw.edu,HG02071.m64076_210609_084637.dc.q20.fastq.gz,1804885,34798427966,34.8,68,62061,19280,16281,18645,21697,16873,19497,22710,s3://human-pangenomics/working/HPRC/HG02071/raw_data/PacBio_HiFi/deepconsensus/v1pt2/HG02071.m64076_210609_084637.dc.q20.fastq.gz,HPRC_DEEPCONSENSUS_v1pt2_2024_02_q20_re-run,unaligned reads,,11.23,0.596475
HG02074,SRR30729230,SRP305758,PRJNA701308,SAMN26267381,HG02074a.HFSS_dc_m54329U_210507_224951,PacBio HiFi sequencing of HG02074 rebasecalled with DeepConsensus v1.2,WGS,GENOMIC,size fractionation,single,PACBIO_SMRT,Sequel II,HiFi sequencing of 20kb fractionated gDNA,fastq,Megaruptor 3,PippinHT,deepconsensus,1.2,P2.2,C2,University of Washington,kmiyamot@uw.edu,HG02074.m54329U_210507_224951.dc.q20.fastq.gz,229066,4183637000,4.18,92,47631,18263,15195,17548,20668,15841,18471,21841,s3://human-pangenomics/working/HPRC/HG02074/raw_data/PacBio_HiFi/deepconsensus/v1pt2/HG02074.m54329U_210507_224951.dc.q20.fastq.gz,HPRC_DEEPCONSENSUS_v1pt2_2024_02_q20_re-run,unaligned reads,,1.35,0.752967
HG02074,SRR30729232,SRP305758,PRJNA701308,SAMN26267381,HG02074.HFSS_dc_m54329U_210626_074001,PacBio HiFi sequencing of HG02074 rebasecalled with DeepConsensus v1.2,WGS,GENOMIC,size fractionation,single,PACBIO_SMRT,Sequel II,HiFi sequencing of 20kb fractionated gDNA,fastq,Megaruptor 3,PippinHT,deepconsensus,1.2,P2.2,C2,University of Washington,kmiyamot@uw.edu,HG02074.m54329U_210626_074001.dc.q20.fastq.gz,2152385,41495505754,41.5,74,52820,19278,16743,18510,21179,17078,19107,22057,s3://human-pangenomics/working/HPRC/HG02074/raw_data/PacBio_HiFi/deepconsensus/v1pt2/HG02074.m54329U_210626_074001.dc.q20.fastq.gz,HPRC_DEEPCONSENSUS_v1pt2_2024_02_q20_re-run,unaligned reads,,13.39,0.566057
HG02074,SRR30729231,SRP305758,PRJNA701308,SAMN26267381,HG02074.HFSS_dc_m54329U_210630_194237,PacBio HiFi sequencing of HG02074 rebasecalled with DeepConsensus v1.2,WGS,GENOMIC,size fractionation,single,PACBIO_SMRT,Sequel II,HiFi sequencing of 20kb fractionated gDNA,fastq,Megaruptor 3,PippinHT,deepconsensus,1.2,P2.2,C2,University of Washington,kmiyamot@uw.edu,HG02074.m54329U_210630_194237.dc.q20.fastq.gz,1726226,33252477262,33.25,86,57433,19263,16738,18496,21148,17067,19090,22019,s3://human-pangenomics/working/HPRC/HG02074/raw_data/PacBio_HiFi/deepconsensus/v1pt2/HG02074.m54329U_210630_194237.dc.q20.fastq.gz,HPRC_DEEPCONSENSUS_v1pt2_2024_02_q20_re-run,unaligned reads,,10.73,0.577745
HG02074,SRR30729233,SRP305758,PRJNA701308,SAMN26267381,HG02074.HFSS_dc_m64076_210630_101034,PacBio HiFi sequencing of HG02074 rebasecalled with DeepConsensus v1.2,WGS,GENOMIC,size fractionation,single,PACBIO_SMRT,Sequel II,HiFi sequencing of 20kb fractionated gDNA,fastq,Megaruptor 3,PippinHT,deepconsensus,1.2,P2.2,C2,University of Washington,kmiyamot@uw.edu,HG02074.m64076_210630_101034.dc.q20.fastq.gz,1894334,37792526040,37.79,86,58575,19950,17213,19276,22145,17638,19966,23022,s3://human-pangenomics/working/HPRC/HG02074/raw_data/PacBio_HiFi/deepconsensus/v1pt2/HG02074.m64076_210630_101034.dc.q20.fastq.gz,HPRC_DEEPCONSENSUS_v1pt2_2024_02_q20_re-run,unaligned reads,,12.19,0.55527
HG02083,SRR25618934,SRP305758,PRJNA701308,SAMN26237504,HG02083_lib1_dc,PacBio HiFi sequencing of HG02083 rebasecalled with DeepConsensus v1.2,WGS,GENOMIC,size fractionation,single,PACBIO_SMRT,Sequel II,HiFi sequencing of 20kb fractionated gDNA,fastq,Megaruptor 1,SageELF,deepconsensus,1.2,P2.2,C2,Washington University,tgraves@wustl.edu,HG02083.m64136_210317_200525.dc.q20.fastq.gz,1884170,37672004643,37.67,86,50009,19993,17221,18740,21980,17518,19328,23203,s3://human-pangenomics/working/HPRC/HG02083/raw_data/PacBio_HiFi/deepconsensus/v1pt2/HG02083.m64136_210317_200525.dc.q20.fastq.gz,HPRC_DEEPCONSENSUS_v1pt2,unaligned reads,,12.15,
HG02083,SRR25618934,SRP305758,PRJNA701308,SAMN26237504,HG02083_lib1_dc,PacBio HiFi sequencing of HG02083 rebasecalled with DeepConsensus v1.2,WGS,GENOMIC,size fractionation,single,PACBIO_SMRT,Sequel II,HiFi sequencing of 20kb fractionated gDNA,fastq,Megaruptor 1,SageELF,deepconsensus,1.2,P2.2,C2,Washington University,tgraves@wustl.edu,HG02083.m64136_210319_191015.dc.q20.fastq.gz,1893100,37863834140,37.86,90,49826,20000,17225,18744,21992,17522,19335,23215,s3://human-pangenomics/working/HPRC/HG02083/raw_data/PacBio_HiFi/deepconsensus/v1pt2/HG02083.m64136_210319_191015.dc.q20.fastq.gz,HPRC_DEEPCONSENSUS_v1pt2,unaligned reads,,12.21,
HG02083,SRR25618934,SRP305758,PRJNA701308,SAMN26237504,HG02083_lib1_dc,PacBio HiFi sequencing of HG02083 rebasecalled with DeepConsensus v1.2,WGS,GENOMIC,size fractionation,single,PACBIO_SMRT,Sequel II,HiFi sequencing of 20kb fractionated gDNA,fastq,Megaruptor 1,SageELF,deepconsensus,1.2,P2.2,C2,Washington University,tgraves@wustl.edu,HG02083.m64136_210321_022417.dc.q20.fastq.gz,1760593,35129017587,35.13,46,50141,19952,17216,18726,21914,17509,19298,23113,s3://human-pangenomics/working/HPRC/HG02083/raw_data/PacBio_HiFi/deepconsensus/v1pt2/HG02083.m64136_210321_022417.dc.q20.fastq.gz,HPRC_DEEPCONSENSUS_v1pt2,unaligned reads,,11.33,
HG02083,SRR25618934,SRP305758,PRJNA701308,SAMN26237504,HG02083_lib1_dc,PacBio HiFi sequencing of HG02083 rebasecalled with DeepConsensus v1.2,WGS,GENOMIC,size fractionation,single,PACBIO_SMRT,Sequel II,HiFi sequencing of 20kb fractionated gDNA,fastq,Megaruptor 1,SageELF,deepconsensus,1.2,P2.2,C2,Washington University,tgraves@wustl.edu,HG02083.m64136_210323_162524.dc.q20.fastq.gz,1833475,36811552693,36.81,503,50776,20077,17266,18816,22128,17571,19431,23336,s3://human-pangenomics/working/HPRC/HG02083/raw_data/PacBio_HiFi/deepconsensus/v1pt2/HG02083.m64136_210323_162524.dc.q20.fastq.gz,HPRC_DEEPCONSENSUS_v1pt2,unaligned reads,,11.87,
HG02129,SRR26545339,SRP305758,PRJNA701308,SAMN33621950,HG02129_lib1_dc,PacBio HiFi sequencing of HG02129 rebasecalled with DeepConsensus v1.2,WGS,GENOMIC,size fractionation,single,PACBIO_SMRT,Sequel II,HiFi sequencing of 20kb fractionated gDNA,fastq,Megaruptor 1,SageELF,deepconsensus,1.2,P2,C2,Washington University,tgraves@wustl.edu,HG02129.m64136_220422_181133.dc.q20.fastq.gz,2251471,43316522487,43.32,470,65309,19239,16342,18840,20985,17001,19376,21740,s3://human-pangenomics/working/HPRC/HG02129/raw_data/PacBio_HiFi/deepconsensus/v1pt2/HG02129.m64136_220422_181133.dc.q20.fastq.gz,HPRC_DEEPCONSENSUS_v1pt2_2023_08_q20,unaligned reads,,13.97,
HG02129,SRR26545339,SRP305758,PRJNA701308,SAMN33621950,HG02129_lib1_dc,PacBio HiFi sequencing of HG02129 rebasecalled with DeepConsensus v1.2,WGS,GENOMIC,size fractionation,single,PACBIO_SMRT,Sequel II,HiFi sequencing of 20kb fractionated gDNA,fastq,Megaruptor 1,SageELF,deepconsensus,1.2,P2,C2,Washington University,tgraves@wustl.edu,HG02129.m64136_220424_050632.dc.q20.fastq.gz,1915557,36918341105,36.92,843,78568,19272,16366,18867,21016,17051,19406,21783,s3://human-pangenomics/working/HPRC/HG02129/raw_data/PacBio_HiFi/deepconsensus/v1pt2/HG02129.m64136_220424_050632.dc.q20.fastq.gz,HPRC_DEEPCONSENSUS_v1pt2_2023_08_q20,unaligned reads,,11.91,
HG02129,SRR26545339,SRP305758,PRJNA701308,SAMN33621950,HG02129_lib1_dc,PacBio HiFi sequencing of HG02129 rebasecalled with DeepConsensus v1.2,WGS,GENOMIC,size fractionation,single,PACBIO_SMRT,Sequel II,HiFi sequencing of 20kb fractionated gDNA,fastq,Megaruptor 1,SageELF,deepconsensus,1.2,P2,C2,Washington University,tgraves@wustl.edu,HG02129.m64136_220426_155627.dc.q20.fastq.gz,2409807,46516822262,46.52,187,70709,19303,16383,18887,21056,17079,19434,21832,s3://human-pangenomics/working/HPRC/HG02129/raw_data/PacBio_HiFi/deepconsensus/v1pt2/HG02129.m64136_220426_155627.dc.q20.fastq.gz,HPRC_DEEPCONSENSUS_v1pt2_2023_08_q20,unaligned reads,,15.01,
HG02132,SRR25618933,SRP305758,PRJNA701308,SAMN26267382,HG02132.HFSS_dc,PacBio HiFi sequencing of HG02132 rebasecalled with DeepConsensus v1.2,WGS,GENOMIC,size fractionation,single,PACBIO_SMRT,Sequel II,HiFi sequencing of 20kb fractionated gDNA,fastq,Megaruptor 3,PippinHT,deepconsensus,1.2,P2.2,C2,University of Washington,kmiyamot@uw.edu,HG02132.m54329U_210627_170630.dc.q20.fastq.gz,2164640,43557332636,43.56,86,50088,20122,17129,19299,22416,17624,20121,23542,s3://human-pangenomics/working/HPRC/HG02132/raw_data/PacBio_HiFi/deepconsensus/v1pt2/HG02132.m54329U_210627_170630.dc.q20.fastq.gz,HPRC_DEEPCONSENSUS_v1pt2,unaligned reads,,14.05,
HG02132,SRR25618931,SRP305758,PRJNA701308,SAMN26267382,HG02132_f345_dc,PacBio HiFi sequencing of HG02132 rebasecalled with DeepConsensus v1.2,WGS,GENOMIC,size fractionation,single,PACBIO_SMRT,Sequel II,HiFi sequencing of 20kb fractionated gDNA,fastq,Megaruptor 3,SageELF,deepconsensus,1.2,P2.2,C2,University of Washington,kmiyamot@uw.edu,HG02132.m64076_210525_000003.dc.q20.fastq.gz,1187296,22491457239,22.49,44,43204,18943,16257,18501,21115,16606,19482,21554,s3://human-pangenomics/working/HPRC/HG02132/raw_data/PacBio_HiFi/deepconsensus/v1pt2/HG02132.m64076_210525_000003.dc.q20.fastq.gz,HPRC_DEEPCONSENSUS_v1pt2,unaligned reads,,7.26,
HG02132,SRR25618933,SRP305758,PRJNA701308,SAMN26267382,HG02132.HFSS_dc,PacBio HiFi sequencing of HG02132 rebasecalled with DeepConsensus v1.2,WGS,GENOMIC,size fractionation,single,PACBIO_SMRT,Sequel II,HiFi sequencing of 20kb fractionated gDNA,fastq,Megaruptor 3,PippinHT,deepconsensus,1.2,P2.2,C2,University of Washington,kmiyamot@uw.edu,HG02132.m54329U_210704_040110.dc.q20.fastq.gz,1742071,35130948006,35.13,48,50573,20166,17147,19333,22479,17640,20164,23599,s3://human-pangenomics/working/HPRC/HG02132/raw_data/PacBio_HiFi/deepconsensus/v1pt2/HG02132.m54329U_210704_040110.dc.q20.fastq.gz,HPRC_DEEPCONSENSUS_v1pt2,unaligned reads,,11.33,
HG02132,SRR25618933,SRP305758,PRJNA701308,SAMN26267382,HG02132.HFSS_dc,PacBio HiFi sequencing of HG02132 rebasecalled with DeepConsensus v1.2,WGS,GENOMIC,size fractionation,single,PACBIO_SMRT,Sequel II,HiFi sequencing of 20kb fractionated gDNA,fastq,Megaruptor 3,PippinHT,deepconsensus,1.2,P2.2,C2,University of Washington,kmiyamot@uw.edu,HG02132.m54329U_210705_145805.dc.q20.fastq.gz,1893507,38083324585,38.08,18,50683,20112,17121,19279,22397,17604,20092,23514,s3://human-pangenomics/working/HPRC/HG02132/raw_data/PacBio_HiFi/deepconsensus/v1pt2/HG02132.m54329U_210705_145805.dc.q20.fastq.gz,HPRC_DEEPCONSENSUS_v1pt2,unaligned reads,,12.28,
HG02135,SRR30729223,SRP305758,PRJNA701308,SAMN26267392,HG02135a.HFSS_dc_m54329U_210507_224951,PacBio HiFi sequencing of HG02135 rebasecalled with DeepConsensus v1.2,WGS,GENOMIC,size fractionation,single,PACBIO_SMRT,Sequel II,HiFi sequencing of 20kb fractionated gDNA,fastq,Megaruptor 3,PippinHT,deepconsensus,1.2,P2.2,C2,University of Washington,kmiyamot@uw.edu,HG02135.m54329U_210507_224951.dc.q20.fastq.gz,206282,3782163023,3.78,988,49125,18334,15205,17623,20791,15882,18597,21998,s3://human-pangenomics/working/HPRC/HG02135/raw_data/PacBio_HiFi/deepconsensus/v1pt2/HG02135.m54329U_210507_224951.dc.q20.fastq.gz,HPRC_DEEPCONSENSUS_v1pt2_2024_02_q20_re-run,unaligned reads,,1.22,0.766065
HG02135,SRR30729225,SRP305758,PRJNA701308,SAMN26267392,HG02135a.HFSS_dc_m54329U_210615_233707,PacBio HiFi sequencing of HG02135 rebasecalled with DeepConsensus v1.2,WGS,GENOMIC,size fractionation,single,PACBIO_SMRT,Sequel II,HiFi sequencing of 20kb fractionated gDNA,fastq,Megaruptor 3,PippinHT,deepconsensus,1.2,P2.2,C2,University of Washington,kmiyamot@uw.edu,HG02135.m54329U_210615_233707.dc.q20.fastq.gz,1367002,24181071688,24.18,618,57512,17689,14672,16908,19955,15264,17834,21154,s3://human-pangenomics/working/HPRC/HG02135/raw_data/PacBio_HiFi/deepconsensus/v1pt2/HG02135.m54329U_210615_233707.dc.q20.fastq.gz,HPRC_DEEPCONSENSUS_v1pt2_2024_02_q20_re-run,unaligned reads,,7.8,0.626146
HG02135,SRR30729229,SRP305758,PRJNA701308,SAMN26267392,HG02135.HFSS3_dc_m54329U_210715_074913,PacBio HiFi sequencing of HG02135 rebasecalled with DeepConsensus v1.2,WGS,GENOMIC,size fractionation,single,PACBIO_SMRT,Sequel II,HiFi sequencing of 20kb fractionated gDNA,fastq,Megaruptor 3,PippinHT,deepconsensus,1.2,P2.2,C2,University of Washington,kmiyamot@uw.edu,HG02135.m54329U_210715_074913.dc.q20.fastq.gz,2235799,40187276756,40.19,86,52770,17974,15345,17231,19934,15759,17925,20895,s3://human-pangenomics/working/HPRC/HG02135/raw_data/PacBio_HiFi/deepconsensus/v1pt2/HG02135.m54329U_210715_074913.dc.q20.fastq.gz,HPRC_DEEPCONSENSUS_v1pt2_2024_02_q20_re-run,unaligned reads,,12.96,0.561849
HG02135,SRR30729224,SRP305758,PRJNA701308,SAMN26267392,HG02135.HFSS_dc_m64076_210529_081414,PacBio HiFi sequencing of HG02135 rebasecalled with DeepConsensus v1.2,WGS,GENOMIC,size fractionation,single,PACBIO_SMRT,Sequel II,HiFi sequencing of 20kb fractionated gDNA,fastq,Megaruptor 3,PippinHT,deepconsensus,1.2,P2.2,C2,University of Washington,kmiyamot@uw.edu,HG02135.m64076_210529_081414.dc.q20.fastq.gz,880484,15020493860,15.02,422,52094,17059,14043,16513,19532,14837,17512,20718,s3://human-pangenomics/working/HPRC/HG02135/raw_data/PacBio_HiFi/deepconsensus/v1pt2/HG02135.m64076_210529_081414.dc.q20.fastq.gz,HPRC_DEEPCONSENSUS_v1pt2_2024_02_q20_re-run,unaligned reads,,4.85,0.635802
HG02135,SRR30729226,SRP305758,PRJNA701308,SAMN26267392,HG02135.HFSS_dc_m64076_210602_215048,PacBio HiFi sequencing of HG02135 rebasecalled with DeepConsensus v1.2,WGS,GENOMIC,size fractionation,single,PACBIO_SMRT,Sequel II,HiFi sequencing of 20kb fractionated gDNA,fastq,Megaruptor 3,PippinHT,deepconsensus,1.2,P2.2,C2,University of Washington,kmiyamot@uw.edu,HG02135.m64076_210602_215048.dc.q20.fastq.gz,1053432,18441200826,18.44,742,52477,17505,14459,17022,20085,15295,18035,21237,s3://human-pangenomics/working/HPRC/HG02135/raw_data/PacBio_HiFi/deepconsensus/v1pt2/HG02135.m64076_210602_215048.dc.q20.fastq.gz,HPRC_DEEPCONSENSUS_v1pt2_2024_02_q20_re-run,unaligned reads,,5.95,0.619956
HG02135,SRR30729227,SRP305758,PRJNA701308,SAMN26267392,HG02135.HFSS3_dc_m64076_210719_222908,PacBio HiFi sequencing of HG02135 rebasecalled with DeepConsensus v1.2,WGS,GENOMIC,size fractionation,single,PACBIO_SMRT,Sequel II,HiFi sequencing of 20kb fractionated gDNA,fastq,Megaruptor 3,PippinHT,deepconsensus,1.2,P2.2,C2,University of Washington,kmiyamot@uw.edu,HG02135.m64076_210719_222908.dc.q20.fastq.gz,1927002,34647722338,34.65,717,62955,17980,15352,17234,19939,15766,17931,20901,s3://human-pangenomics/working/HPRC/HG02135/raw_data/PacBio_HiFi/deepconsensus/v1pt2/HG02135.m64076_210719_222908.dc.q20.fastq.gz,HPRC_DEEPCONSENSUS_v1pt2_2024_02_q20_re-run,unaligned reads,,11.18,0.574857
HG02148,,SRP305758,PRJNA701308,SAMN17861663,HG02148_lib1_dc_m64136_200618_202033,PacBio HiFi sequencing of HG02148 rebasecalled with DeepConsensus v1.2,WGS,GENOMIC,size fractionation,single,PACBIO_SMRT,Sequel II,HiFi sequencing of 20kb fractionated gDNA,fastq,Megaruptor 1,SageELF,deepconsensus,1.2,,,Washington University,tgraves@wustl.edu,HG02148.m64136_200618_202033.dc.q20.fastq.gz,2565822,45511158697,45.51,43,51234,17737,15304,16566,19604,15525,17126,20763,s3://human-pangenomics/working/HPRC/HG02148/raw_data/PacBio_HiFi/deepconsensus/v1pt2/HG02148.m64136_200618_202033.dc.q20.fastq.gz,HPRC_DEEPCONSENSUS_v1pt2_2023_12_q20,unaligned reads,,14.68,0.59467
HG02148,,SRP305758,PRJNA701308,SAMN17861663,HG02148_lib1_dc_m64136_200620_173618,PacBio HiFi sequencing of HG02148 rebasecalled with DeepConsensus v1.2,WGS,GENOMIC,size fractionation,single,PACBIO_SMRT,Sequel II,HiFi sequencing of 20kb fractionated gDNA,fastq,Megaruptor 1,SageELF,deepconsensus,1.2,,,Washington University,tgraves@wustl.edu,HG02148.m64136_200620_173618.dc.q20.fastq.gz,1940371,34317039349,34.32,45,50886,17685,15292,16530,19491,15508,17063,20658,s3://human-pangenomics/working/HPRC/HG02148/raw_data/PacBio_HiFi/deepconsensus/v1pt2/HG02148.m64136_200620_173618.dc.q20.fastq.gz,HPRC_DEEPCONSENSUS_v1pt2_2023_12_q20,unaligned reads,,11.07,0.615179
HG02148,,SRP305758,PRJNA701308,SAMN17861663,HG02148_lib1_dc_m64136_200621_234916,PacBio HiFi sequencing of HG02148 rebasecalled with DeepConsensus v1.2,WGS,GENOMIC,size fractionation,single,PACBIO_SMRT,Sequel II,HiFi sequencing of 20kb fractionated gDNA,fastq,Megaruptor 1,SageELF,deepconsensus,1.2,,,Washington University,tgraves@wustl.edu,HG02148.m64136_200621_234916.dc.q20.fastq.gz,1768205,30970407723,30.97,45,49985,17515,15234,16415,19117,15433,16893,20286,s3://human-pangenomics/working/HPRC/HG02148/raw_data/PacBio_HiFi/deepconsensus/v1pt2/HG02148.m64136_200621_234916.dc.q20.fastq.gz,HPRC_DEEPCONSENSUS_v1pt2_2023_12_q20,unaligned reads,,9.99,0.595949
HG02148,,SRP305758,PRJNA701308,SAMN17861663,HG02148_lib1_dc_m64136_200623_061529,PacBio HiFi sequencing of HG02148 rebasecalled with DeepConsensus v1.2,WGS,GENOMIC,size fractionation,single,PACBIO_SMRT,Sequel II,HiFi sequencing of 20kb fractionated gDNA,fastq,Megaruptor 1,SageELF,deepconsensus,1.2,,,Washington University,tgraves@wustl.edu,HG02148.m64136_200623_061529.dc.q20.fastq.gz,1980682,34921491373,34.92,43,49018,17631,15268,16490,19380,15480,17012,20538,s3://human-pangenomics/working/HPRC/HG02148/raw_data/PacBio_HiFi/deepconsensus/v1pt2/HG02148.m64136_200623_061529.dc.q20.fastq.gz,HPRC_DEEPCONSENSUS_v1pt2_2023_12_q20,unaligned reads,,11.26,0.592088
HG02155,SRR26545338,SRP305758,PRJNA701308,SAMN33621951,HG02155_lib1_dc,PacBio HiFi sequencing of HG02155 rebasecalled with DeepConsensus v1.2,WGS,GENOMIC,size fractionation,single,PACBIO_SMRT,Sequel II,HiFi sequencing of 20kb fractionated gDNA,fastq,Megaruptor 1,SageELF,deepconsensus,1.2,P2,C2,Washington University,tgraves@wustl.edu,HG02155.m64043_220728_173215.dc.q20.fastq.gz,671675,13495209735,13.5,822,59148,20091,17056,19127,22493,17510,20033,23617,s3://human-pangenomics/working/HPRC/HG02155/raw_data/PacBio_HiFi/deepconsensus/v1pt2/HG02155.m64043_220728_173215.dc.q20.fastq.gz,HPRC_DEEPCONSENSUS_v1pt2_2023_08_q20,unaligned reads,,4.35,
HG02155,SRR26545338,SRP305758,PRJNA701308,SAMN33621951,HG02155_lib1_dc,PacBio HiFi sequencing of HG02155 rebasecalled with DeepConsensus v1.2,WGS,GENOMIC,size fractionation,single,PACBIO_SMRT,Sequel II,HiFi sequencing of 20kb fractionated gDNA,fastq,Megaruptor 1,SageELF,deepconsensus,1.2,P2,C2,Washington University,tgraves@wustl.edu,HG02155.m64136_220701_181202.dc.q20.fastq.gz,2048692,40366945019,40.37,229,72144,19703,16863,18685,21857,17249,19439,23038,s3://human-pangenomics/working/HPRC/HG02155/raw_data/PacBio_HiFi/deepconsensus/v1pt2/HG02155.m64136_220701_181202.dc.q20.fastq.gz,HPRC_DEEPCONSENSUS_v1pt2_2023_08_q20,unaligned reads,,13.02,
HG02155,SRR26545338,SRP305758,PRJNA701308,SAMN33621951,HG02155_lib1_dc,PacBio HiFi sequencing of HG02155 rebasecalled with DeepConsensus v1.2,WGS,GENOMIC,size fractionation,single,PACBIO_SMRT,Sequel II,HiFi sequencing of 20kb fractionated gDNA,fastq,Megaruptor 1,SageELF,deepconsensus,1.2,P2,C2,Washington University,tgraves@wustl.edu,HG02155.m64136_220703_150713.dc.q20.fastq.gz,1895027,37242055909,37.24,178,64885,19652,16840,18642,21765,17221,19381,22939,s3://human-pangenomics/working/HPRC/HG02155/raw_data/PacBio_HiFi/deepconsensus/v1pt2/HG02155.m64136_220703_150713.dc.q20.fastq.gz,HPRC_DEEPCONSENSUS_v1pt2_2023_08_q20,unaligned reads,,12.01,
HG02155,SRR26545338,SRP305758,PRJNA701308,SAMN33621951,HG02155_lib1_dc,PacBio HiFi sequencing of HG02155 rebasecalled with DeepConsensus v1.2,WGS,GENOMIC,size fractionation,single,PACBIO_SMRT,Sequel II,HiFi sequencing of 20kb fractionated gDNA,fastq,Megaruptor 1,SageELF,deepconsensus,1.2,P2,C2,Washington University,tgraves@wustl.edu,HG02155.m64136_220705_120453.dc.q20.fastq.gz,1771124,35024792210,35.02,219,64142,19775,16896,18748,21962,17289,19526,23149,s3://human-pangenomics/working/HPRC/HG02155/raw_data/PacBio_HiFi/deepconsensus/v1pt2/HG02155.m64136_220705_120453.dc.q20.fastq.gz,HPRC_DEEPCONSENSUS_v1pt2_2023_08_q20,unaligned reads,,11.3,
HG02165,SRR26545337,SRP305758,PRJNA701308,SAMN33758785,PG02165.HFSS2_dc,PacBio HiFi sequencing of HG02165 rebasecalled with DeepConsensus v1.2,WGS,GENOMIC,size fractionation,single,PACBIO_SMRT,Sequel II,HiFi sequencing of 20kb fractionated gDNA,fastq,Megaruptor 1,SageELF,deepconsensus,1.2,P2,C2,Washington University,tgraves@wustl.edu,HG02165.m64076_220902_143723.dc.q20.fastq.gz,2625582,55037083639,55.04,99,66734,20961,17922,20399,23533,18516,21244,24474,s3://human-pangenomics/working/HPRC/HG02165/raw_data/PacBio_HiFi/deepconsensus/v1pt2/HG02165.m64076_220902_143723.dc.q20.fastq.gz,HPRC_DEEPCONSENSUS_v1pt2_2023_08_q20,unaligned reads,,17.75,
HG02165,SRR26545337,SRP305758,PRJNA701308,SAMN33758785,PG02165.HFSS2_dc,PacBio HiFi sequencing of HG02165 rebasecalled with DeepConsensus v1.2,WGS,GENOMIC,size fractionation,single,PACBIO_SMRT,Sequel II,HiFi sequencing of 20kb fractionated gDNA,fastq,Megaruptor 1,SageELF,deepconsensus,1.2,P2,C2,Washington University,tgraves@wustl.edu,HG02165.m64076_220904_113359.dc.q20.fastq.gz,2469674,50229787137,50.23,130,72650,20338,17463,19709,22708,17979,20487,23651,s3://human-pangenomics/working/HPRC/HG02165/raw_data/PacBio_HiFi/deepconsensus/v1pt2/HG02165.m64076_220904_113359.dc.q20.fastq.gz,HPRC_DEEPCONSENSUS_v1pt2_2023_08_q20,unaligned reads,,16.2,
HG02165,SRR26545337,SRP305758,PRJNA701308,SAMN33758785,PG02165.HFSS2_dc,PacBio HiFi sequencing of HG02165 rebasecalled with DeepConsensus v1.2,WGS,GENOMIC,size fractionation,single,PACBIO_SMRT,Sequel II,HiFi sequencing of 20kb fractionated gDNA,fastq,Megaruptor 1,SageELF,deepconsensus,1.2,P2,C2,Washington University,tgraves@wustl.edu,HG02165.m64076_220906_083112.dc.q20.fastq.gz,2584216,52170777564,52.17,87,87882,20188,17336,19537,22524,17838,20307,23473,s3://human-pangenomics/working/HPRC/HG02165/raw_data/PacBio_HiFi/deepconsensus/v1pt2/HG02165.m64076_220906_083112.dc.q20.fastq.gz,HPRC_DEEPCONSENSUS_v1pt2_2023_08_q20,unaligned reads,,16.83,
HG02257,,SRP305758,PRJNA701308,SAMN17861237,HG02257.HiFiEx_f2_dc_m64076_200125_231256,PacBio HiFi sequencing of HG02257 rebasecalled with DeepConsensus v1.2,WGS,GENOMIC,size fractionation,single,PACBIO_SMRT,Sequel II,HiFi sequencing of 20kb fractionated gDNA,fastq,g-TUBE,SageELF,deepconsensus,1.2,P2,C2,University of Washington,kmiyamot@uw.edu,HG02257.m64076_200125_231256.dc.q20.fastq.gz,1289358,24780360923,24.78,21,51454,19219,17406,18892,20664,17667,19210,21075,s3://human-pangenomics/working/HPRC/HG02257/raw_data/PacBio_HiFi/deepconsensus/v1pt2/HG02257.m64076_200125_231256.dc.q20.fastq.gz,HPRC_DEEPCONSENSUS_v1pt2_2023_12_q20,unaligned reads,,7.99,0.58756
HG02257,,SRP305758,PRJNA701308,SAMN17861237,HG02257.HiFiEx_f2_dc_m64076_200127_180545,PacBio HiFi sequencing of HG02257 rebasecalled with DeepConsensus v1.2,WGS,GENOMIC,size fractionation,single,PACBIO_SMRT,Sequel II,HiFi sequencing of 20kb fractionated gDNA,fastq,g-TUBE,SageELF,deepconsensus,1.2,P2,C2,University of Washington,kmiyamot@uw.edu,HG02257.m64076_200127_180545.dc.q20.fastq.gz,1963126,37883320688,37.88,25,51009,19297,17453,18955,20757,17721,19283,21182,s3://human-pangenomics/working/HPRC/HG02257/raw_data/PacBio_HiFi/deepconsensus/v1pt2/HG02257.m64076_200127_180545.dc.q20.fastq.gz,HPRC_DEEPCONSENSUS_v1pt2_2023_12_q20,unaligned reads,,12.22,0.593517
HG02257,,SRP305758,PRJNA701308,SAMN17861237,HG02257.HiFiEx_f2_dc_m64076_200129_001835,PacBio HiFi sequencing of HG02257 rebasecalled with DeepConsensus v1.2,WGS,GENOMIC,size fractionation,single,PACBIO_SMRT,Sequel II,HiFi sequencing of 20kb fractionated gDNA,fastq,g-TUBE,SageELF,deepconsensus,1.2,P2,C2,University of Washington,kmiyamot@uw.edu,HG02257.m64076_200129_001835.dc.q20.fastq.gz,1842097,35807825041,35.81,24,51060,19438,17575,19086,20900,17844,19416,21329,s3://human-pangenomics/working/HPRC/HG02257/raw_data/PacBio_HiFi/deepconsensus/v1pt2/HG02257.m64076_200129_001835.dc.q20.fastq.gz,HPRC_DEEPCONSENSUS_v1pt2_2023_12_q20,unaligned reads,,11.55,0.604557
HG02257,,SRP305758,PRJNA701308,SAMN17861237,HG02257.HiFiEx_f2_dc_m64076_200130_064345,PacBio HiFi sequencing of HG02257 rebasecalled with DeepConsensus v1.2,WGS,GENOMIC,size fractionation,single,PACBIO_SMRT,Sequel II,HiFi sequencing of 20kb fractionated gDNA,fastq,g-TUBE,SageELF,deepconsensus,1.2,P2,C2,University of Washington,kmiyamot@uw.edu,HG02257.m64076_200130_064345.dc.q20.fastq.gz,1780455,34490213409,34.49,28,51528,19371,17525,19027,20829,17790,19351,21250,s3://human-pangenomics/working/HPRC/HG02257/raw_data/PacBio_HiFi/deepconsensus/v1pt2/HG02257.m64076_200130_064345.dc.q20.fastq.gz,HPRC_DEEPCONSENSUS_v1pt2_2023_12_q20,unaligned reads,,11.13,0.604075
HG02258,SRR26545336,SRP305758,PRJNA701308,SAMN33621952,HG02258_lib1_dc,PacBio HiFi sequencing of HG02258 rebasecalled with DeepConsensus v1.2,WGS,GENOMIC,size fractionation,single,PACBIO_SMRT,Sequel II,HiFi sequencing of 20kb fractionated gDNA,fastq,Megaruptor 1,SageELF,deepconsensus,1.2,P2,C2,Washington University,tgraves@wustl.edu,HG02258.m64043_211217_180919.dc.q20.fastq.gz,1797149,37170220107,37.17,202,73646,20682,18711,20196,22143,18961,20539,22637,s3://human-pangenomics/working/HPRC/HG02258/raw_data/PacBio_HiFi/deepconsensus/v1pt2/HG02258.m64043_211217_180919.dc.q20.fastq.gz,HPRC_DEEPCONSENSUS_v1pt2_2023_08_q20,unaligned reads,,11.99,
HG02258,SRR26545336,SRP305758,PRJNA701308,SAMN33621952,HG02258_lib1_dc,PacBio HiFi sequencing of HG02258 rebasecalled with DeepConsensus v1.2,WGS,GENOMIC,size fractionation,single,PACBIO_SMRT,Sequel II,HiFi sequencing of 20kb fractionated gDNA,fastq,Megaruptor 1,SageELF,deepconsensus,1.2,P2,C2,Washington University,tgraves@wustl.edu,HG02258.m64043_211219_050421.dc.q20.fastq.gz,2045789,42256822964,42.26,495,58301,20655,18682,20164,22112,18932,20509,22610,s3://human-pangenomics/working/HPRC/HG02258/raw_data/PacBio_HiFi/deepconsensus/v1pt2/HG02258.m64043_211219_050421.dc.q20.fastq.gz,HPRC_DEEPCONSENSUS_v1pt2_2023_08_q20,unaligned reads,,13.63,
HG02258,SRR26545336,SRP305758,PRJNA701308,SAMN33621952,HG02258_lib1_dc,PacBio HiFi sequencing of HG02258 rebasecalled with DeepConsensus v1.2,WGS,GENOMIC,size fractionation,single,PACBIO_SMRT,Sequel II,HiFi sequencing of 20kb fractionated gDNA,fastq,Megaruptor 1,SageELF,deepconsensus,1.2,P2,C2,Washington University,tgraves@wustl.edu,HG02258.m64043_211220_160211.dc.q20.fastq.gz,2231524,45993388076,45.99,229,61976,20610,18663,20133,22058,18911,20472,22541,s3://human-pangenomics/working/HPRC/HG02258/raw_data/PacBio_HiFi/deepconsensus/v1pt2/HG02258.m64043_211220_160211.dc.q20.fastq.gz,HPRC_DEEPCONSENSUS_v1pt2_2023_08_q20,unaligned reads,,14.84,
HG02258,SRR26545336,SRP305758,PRJNA701308,SAMN33621952,HG02258_lib1_dc,PacBio HiFi sequencing of HG02258 rebasecalled with DeepConsensus v1.2,WGS,GENOMIC,size fractionation,single,PACBIO_SMRT,Sequel II,HiFi sequencing of 20kb fractionated gDNA,fastq,Megaruptor 1,SageELF,deepconsensus,1.2,P2,C2,Washington University,tgraves@wustl.edu,HG02258.m64043_220114_181052.dc.q20.fastq.gz,369211,7632808242,7.63,274,49260,20673,18706,20189,22122,18955,20528,22619,s3://human-pangenomics/working/HPRC/HG02258/raw_data/PacBio_HiFi/deepconsensus/v1pt2/HG02258.m64043_220114_181052.dc.q20.fastq.gz,HPRC_DEEPCONSENSUS_v1pt2_2023_08_q20,unaligned reads,,2.46,
HG02273,SRR26545334,SRP305758,PRJNA701308,SAMN33621953,HG02273_lib1_dc,PacBio HiFi sequencing of HG02273 rebasecalled with DeepConsensus v1.2,WGS,GENOMIC,size fractionation,single,PACBIO_SMRT,Sequel II,HiFi sequencing of 20kb fractionated gDNA,fastq,Megaruptor 1,SageELF,deepconsensus,1.2,P2,C2,Washington University,tgraves@wustl.edu,HG02273.m64043_220429_171542.dc.q20.fastq.gz,2117371,43671247680,43.67,613,75856,20625,17302,20091,23028,17771,20972,23971,s3://human-pangenomics/working/HPRC/HG02273/raw_data/PacBio_HiFi/deepconsensus/v1pt2/HG02273.m64043_220429_171542.dc.q20.fastq.gz,HPRC_DEEPCONSENSUS_v1pt2_2023_08_q20,unaligned reads,,14.09,
HG02273,SRR26545334,SRP305758,PRJNA701308,SAMN33621953,HG02273_lib1_dc,PacBio HiFi sequencing of HG02273 rebasecalled with DeepConsensus v1.2,WGS,GENOMIC,size fractionation,single,PACBIO_SMRT,Sequel II,HiFi sequencing of 20kb fractionated gDNA,fastq,Megaruptor 1,SageELF,deepconsensus,1.2,P2,C2,Washington University,tgraves@wustl.edu,HG02273.m64043_220501_041051.dc.q20.fastq.gz,2144747,44267577714,44.27,407,60495,20639,17301,20100,23051,17775,20986,24007,s3://human-pangenomics/working/HPRC/HG02273/raw_data/PacBio_HiFi/deepconsensus/v1pt2/HG02273.m64043_220501_041051.dc.q20.fastq.gz,HPRC_DEEPCONSENSUS_v1pt2_2023_08_q20,unaligned reads,,14.28,
HG02273,SRR26545334,SRP305758,PRJNA701308,SAMN33621953,HG02273_lib1_dc,PacBio HiFi sequencing of HG02273 rebasecalled with DeepConsensus v1.2,WGS,GENOMIC,size fractionation,single,PACBIO_SMRT,Sequel II,HiFi sequencing of 20kb fractionated gDNA,fastq,Megaruptor 1,SageELF,deepconsensus,1.2,P2,C2,Washington University,tgraves@wustl.edu,HG02273.m64043_220503_153752.dc.q20.fastq.gz,2416355,49941655334,49.94,326,70622,20668,17312,20126,23083,17794,21012,24055,s3://human-pangenomics/working/HPRC/HG02273/raw_data/PacBio_HiFi/deepconsensus/v1pt2/HG02273.m64043_220503_153752.dc.q20.fastq.gz,HPRC_DEEPCONSENSUS_v1pt2_2023_08_q20,unaligned reads,,16.11,
HG02280,SRR25618930,SRP305758,PRJNA701308,SAMN26237505,HG02280_lib1_dc,PacBio HiFi sequencing of HG02280 rebasecalled with DeepConsensus v1.2,WGS,GENOMIC,size fractionation,single,PACBIO_SMRT,Sequel II,HiFi sequencing of 20kb fractionated gDNA,fastq,Megaruptor 1,SageELF,deepconsensus,1.2,P2.2,C2,Washington University,tgraves@wustl.edu,HG02280.m64136_210716_230343.dc.q20.fastq.gz,1934280,36671653370,36.67,75,50785,18958,16186,18600,20977,16641,19256,21649,s3://human-pangenomics/working/HPRC/HG02280/raw_data/PacBio_HiFi/deepconsensus/v1pt2/HG02280.m64136_210716_230343.dc.q20.fastq.gz,HPRC_DEEPCONSENSUS_v1pt2,unaligned reads,,11.83,
HG02280,SRR25618930,SRP305758,PRJNA701308,SAMN26237505,HG02280_lib1_dc,PacBio HiFi sequencing of HG02280 rebasecalled with DeepConsensus v1.2,WGS,GENOMIC,size fractionation,single,PACBIO_SMRT,Sequel II,HiFi sequencing of 20kb fractionated gDNA,fastq,Megaruptor 1,SageELF,deepconsensus,1.2,P2.2,C2,Washington University,tgraves@wustl.edu,HG02280.m64136_210718_091611.dc.q20.fastq.gz,2081358,39525414108,39.53,747,51295,18990,16201,18631,21009,16660,19287,21692,s3://human-pangenomics/working/HPRC/HG02280/raw_data/PacBio_HiFi/deepconsensus/v1pt2/HG02280.m64136_210718_091611.dc.q20.fastq.gz,HPRC_DEEPCONSENSUS_v1pt2,unaligned reads,,12.75,
HG02280,SRR25618930,SRP305758,PRJNA701308,SAMN26237505,HG02280_lib1_dc,PacBio HiFi sequencing of HG02280 rebasecalled with DeepConsensus v1.2,WGS,GENOMIC,size fractionation,single,PACBIO_SMRT,Sequel II,HiFi sequencing of 20kb fractionated gDNA,fastq,Megaruptor 1,SageELF,deepconsensus,1.2,P2.2,C2,Washington University,tgraves@wustl.edu,HG02280.m64136_210719_201505.dc.q20.fastq.gz,1945765,36918667428,36.92,512,50611,18973,16200,18617,20990,16657,19272,21664,s3://human-pangenomics/working/HPRC/HG02280/raw_data/PacBio_HiFi/deepconsensus/v1pt2/HG02280.m64136_210719_201505.dc.q20.fastq.gz,HPRC_DEEPCONSENSUS_v1pt2,unaligned reads,,11.91,
HG02293,SRR25618929,SRP305758,PRJNA701308,SAMN26267394,HG02293.HFSS_dc,PacBio HiFi sequencing of HG02293 rebasecalled with DeepConsensus v1.2,WGS,GENOMIC,size fractionation,single,PACBIO_SMRT,Sequel II,HiFi sequencing of 20kb fractionated gDNA,fastq,Megaruptor 3,PippinHT,deepconsensus,1.2,P2.2,C2,University of Washington,kmiyamot@uw.edu,HG02293.m54329U_210719_222842.dc.q20.fastq.gz,2165086,41209069839,41.21,238,50062,19033,16124,18205,21184,16605,19008,22299,s3://human-pangenomics/working/HPRC/HG02293/raw_data/PacBio_HiFi/deepconsensus/v1pt2/HG02293.m54329U_210719_222842.dc.q20.fastq.gz,HPRC_DEEPCONSENSUS_v1pt2,unaligned reads,,13.29,
HG02293,SRR25618929,SRP305758,PRJNA701308,SAMN26267394,HG02293.HFSS_dc,PacBio HiFi sequencing of HG02293 rebasecalled with DeepConsensus v1.2,WGS,GENOMIC,size fractionation,single,PACBIO_SMRT,Sequel II,HiFi sequencing of 20kb fractionated gDNA,fastq,Megaruptor 3,PippinHT,deepconsensus,1.2,P2.2,C2,University of Washington,kmiyamot@uw.edu,HG02293.m54329U_210721_092510.dc.q20.fastq.gz,1837712,35083848420,35.08,23,50404,19091,16157,18264,21270,16646,19077,22391,s3://human-pangenomics/working/HPRC/HG02293/raw_data/PacBio_HiFi/deepconsensus/v1pt2/HG02293.m54329U_210721_092510.dc.q20.fastq.gz,HPRC_DEEPCONSENSUS_v1pt2,unaligned reads,,11.32,
HG02293,SRR25618929,SRP305758,PRJNA701308,SAMN26267394,HG02293.HFSS_dc,PacBio HiFi sequencing of HG02293 rebasecalled with DeepConsensus v1.2,WGS,GENOMIC,size fractionation,single,PACBIO_SMRT,Sequel II,HiFi sequencing of 20kb fractionated gDNA,fastq,Megaruptor 3,PippinHT,deepconsensus,1.2,P2.2,C2,University of Washington,kmiyamot@uw.edu,HG02293.m64076_210716_220011.dc.q20.fastq.gz,2001726,38533764613,38.53,53,49867,19250,16261,18430,21501,16770,19268,22628,s3://human-pangenomics/working/HPRC/HG02293/raw_data/PacBio_HiFi/deepconsensus/v1pt2/HG02293.m64076_210716_220011.dc.q20.fastq.gz,HPRC_DEEPCONSENSUS_v1pt2,unaligned reads,,12.43,
HG02300,SRR25618928,SRP305758,PRJNA701308,SAMN26267395,HG02300.HFSS_dc,PacBio HiFi sequencing of HG02300 rebasecalled with DeepConsensus v1.2,WGS,GENOMIC,size fractionation,single,PACBIO_SMRT,Sequel II,HiFi sequencing of 20kb fractionated gDNA,fastq,Megaruptor 3,PippinHT,deepconsensus,1.2,P2.2,C2,University of Washington,kmiyamot@uw.edu,HG02300.m54329U_210702_182525.dc.q20.fastq.gz,1975132,35214964969,35.21,406,49956,17829,14742,17096,20218,15416,18066,21475,s3://human-pangenomics/working/HPRC/HG02300/raw_data/PacBio_HiFi/deepconsensus/v1pt2/HG02300.m54329U_210702_182525.dc.q20.fastq.gz,HPRC_DEEPCONSENSUS_v1pt2,unaligned reads,,11.36,
HG02300,SRR25618928,SRP305758,PRJNA701308,SAMN26267395,HG02300.HFSS_dc,PacBio HiFi sequencing of HG02300 rebasecalled with DeepConsensus v1.2,WGS,GENOMIC,size fractionation,single,PACBIO_SMRT,Sequel II,HiFi sequencing of 20kb fractionated gDNA,fastq,Megaruptor 3,PippinHT,deepconsensus,1.2,P2.2,C2,University of Washington,kmiyamot@uw.edu,HG02300.m54329U_210710_123004.dc.q20.fastq.gz,2132281,37900203324,37.9,86,51077,17774,14698,17055,20162,15376,18026,21420,s3://human-pangenomics/working/HPRC/HG02300/raw_data/PacBio_HiFi/deepconsensus/v1pt2/HG02300.m54329U_210710_123004.dc.q20.fastq.gz,HPRC_DEEPCONSENSUS_v1pt2,unaligned reads,,12.23,
HG02300,SRR25618928,SRP305758,PRJNA701308,SAMN26267395,HG02300.HFSS_dc,PacBio HiFi sequencing of HG02300 rebasecalled with DeepConsensus v1.2,WGS,GENOMIC,size fractionation,single,PACBIO_SMRT,Sequel II,HiFi sequencing of 20kb fractionated gDNA,fastq,Megaruptor 3,PippinHT,deepconsensus,1.2,P2.2,C2,University of Washington,kmiyamot@uw.edu,HG02300.m54329U_210711_215946.dc.q20.fastq.gz,1912142,33790209560,33.79,27,49872,17671,14638,16949,20022,15298,17901,21262,s3://human-pangenomics/working/HPRC/HG02300/raw_data/PacBio_HiFi/deepconsensus/v1pt2/HG02300.m54329U_210711_215946.dc.q20.fastq.gz,HPRC_DEEPCONSENSUS_v1pt2,unaligned reads,,10.9,
HG02391,SRR30729221,SRP305758,PRJNA701308,SAMN37797104,HG02391_PB1_dc_m54306Ue_220821_023435,PacBio HiFi sequencing of HG02391 rebasecalled with DeepConsensus v1.2,WGS,GENOMIC,size fractionation,single,PACBIO_SMRT,Sequel II,HiFi sequencing of 20kb fractionated gDNA,fastq,Megaruptor 3,Pippin HT,deepconsensus,1.2,P2,C2,Rockefeller University,vgl-lab@rockefeller.edu,HG02391.m54306Ue_220821_023435.dc.q20.fastq.gz,2192957,53362728046,53.36,117,98513,24333,18669,22923,28575,20348,25335,31545,s3://human-pangenomics/working/HPRC/HG02391/raw_data/PacBio_HiFi/deepconsensus/v1pt2/HG02391.m54306Ue_220821_023435.dc.q20.fastq.gz,HPRC_DEEPCONSENSUS_v1pt2_2024_02_q20_re-run,unaligned reads,,17.21,0.571388
HG02391,SRR30729222,SRP305758,PRJNA701308,SAMN37797104,HG02391_PB1_dc_m64055e_220821_033925,PacBio HiFi sequencing of HG02391 rebasecalled with DeepConsensus v1.2,WGS,GENOMIC,size fractionation,single,PACBIO_SMRT,Sequel II,HiFi sequencing of 20kb fractionated gDNA,fastq,Megaruptor 3,Pippin HT,deepconsensus,1.2,P2,C2,Rockefeller University,vgl-lab@rockefeller.edu,HG02391.m64055e_220821_033925.dc.q20.fastq.gz,2137241,51317476110,51.32,117,102367,24011,18421,22553,28075,20043,24890,31119,s3://human-pangenomics/working/HPRC/HG02391/raw_data/PacBio_HiFi/deepconsensus/v1pt2/HG02391.m64055e_220821_033925.dc.q20.fastq.gz,HPRC_DEEPCONSENSUS_v1pt2_2024_02_q20_re-run,unaligned reads,,16.55,0.565963
HG02391,SRR30729220,SRP305758,PRJNA701308,SAMN37797104,HG02391_PB1_dc_m64330e_220805_094849,PacBio HiFi sequencing of HG02391 rebasecalled with DeepConsensus v1.2,WGS,GENOMIC,size fractionation,single,PACBIO_SMRT,Sequel II,HiFi sequencing of 20kb fractionated gDNA,fastq,Megaruptor 3,Pippin HT,deepconsensus,1.2,P2,C2,Rockefeller University,vgl-lab@rockefeller.edu,HG02391.m64330e_220805_094849.dc.q20.fastq.gz,1743326,45979123103,45.98,129,96014,26374,20261,25045,31130,22246,27638,34261,s3://human-pangenomics/working/HPRC/HG02391/raw_data/PacBio_HiFi/deepconsensus/v1pt2/HG02391.m64330e_220805_094849.dc.q20.fastq.gz,HPRC_DEEPCONSENSUS_v1pt2_2024_02_q20_re-run,unaligned reads,,14.83,0.578017
HG02451,SRR26545333,SRP305758,PRJNA701308,SAMN33758786,HG02451_SRE.HFSS_dc,PacBio HiFi sequencing of HG02451 rebasecalled with DeepConsensus v1.2,WGS,GENOMIC,size fractionation,single,PACBIO_SMRT,Sequel II,HiFi sequencing of 20kb fractionated gDNA,fastq,Megaruptor 1,SageELF,deepconsensus,1.2,P2,C2,Washington University,tgraves@wustl.edu,HG02451.m64076_211109_232223.dc.q20.fastq.gz,734852,15649416004,15.65,376,72499,21296,17834,20313,23792,18448,21322,25182,s3://human-pangenomics/working/HPRC/HG02451/raw_data/PacBio_HiFi/deepconsensus/v1pt2/HG02451.m64076_211109_232223.dc.q20.fastq.gz,HPRC_DEEPCONSENSUS_v1pt2_2023_08_q20,unaligned reads,,5.05,
HG02451,SRR26545333,SRP305758,PRJNA701308,SAMN33758786,HG02451_SRE.HFSS_dc,PacBio HiFi sequencing of HG02451 rebasecalled with DeepConsensus v1.2,WGS,GENOMIC,size fractionation,single,PACBIO_SMRT,Sequel II,HiFi sequencing of 20kb fractionated gDNA,fastq,Megaruptor 1,SageELF,deepconsensus,1.2,P2,C2,Washington University,tgraves@wustl.edu,HG02451.m64076_211208_005550.dc.q20.fastq.gz,2474076,42951419076,42.95,481,54765,17360,14755,16686,19418,15201,17416,20370,s3://human-pangenomics/working/HPRC/HG02451/raw_data/PacBio_HiFi/deepconsensus/v1pt2/HG02451.m64076_211208_005550.dc.q20.fastq.gz,HPRC_DEEPCONSENSUS_v1pt2_2023_08_q20,unaligned reads,,13.86,
HG02451,SRR26545333,SRP305758,PRJNA701308,SAMN33758786,HG02451_SRE.HFSS_dc,PacBio HiFi sequencing of HG02451 rebasecalled with DeepConsensus v1.2,WGS,GENOMIC,size fractionation,single,PACBIO_SMRT,Sequel II,HiFi sequencing of 20kb fractionated gDNA,fastq,Megaruptor 1,SageELF,deepconsensus,1.2,P2,C2,Washington University,tgraves@wustl.edu,HG02451.m64076_211211_014755.dc.q20.fastq.gz,2567205,44774853633,44.77,300,54121,17441,14809,16779,19535,15266,17521,20482,s3://human-pangenomics/working/HPRC/HG02451/raw_data/PacBio_HiFi/deepconsensus/v1pt2/HG02451.m64076_211211_014755.dc.q20.fastq.gz,HPRC_DEEPCONSENSUS_v1pt2_2023_08_q20,unaligned reads,,14.44,
HG02451,SRR26545333,SRP305758,PRJNA701308,SAMN33758786,HG02451_SRE.HFSS_dc,PacBio HiFi sequencing of HG02451 rebasecalled with DeepConsensus v1.2,WGS,GENOMIC,size fractionation,single,PACBIO_SMRT,Sequel II,HiFi sequencing of 20kb fractionated gDNA,fastq,Megaruptor 1,SageELF,deepconsensus,1.2,P2,C2,Washington University,tgraves@wustl.edu,HG02451.m64076_211212_112351.dc.q20.fastq.gz,2509604,43552791329,43.55,632,56146,17354,14753,16683,19407,15198,17410,20356,s3://human-pangenomics/working/HPRC/HG02451/raw_data/PacBio_HiFi/deepconsensus/v1pt2/HG02451.m64076_211212_112351.dc.q20.fastq.gz,HPRC_DEEPCONSENSUS_v1pt2_2023_08_q20,unaligned reads,,14.05,
HG02486,,SRP305758,PRJNA701308,SAMN17861238,HG02486.HiFiEx_f2_dc_m54329U_200215_021808,PacBio HiFi sequencing of HG02486 rebasecalled with DeepConsensus v1.2,WGS,GENOMIC,size fractionation,single,PACBIO_SMRT,Sequel II,HiFi sequencing of 20kb fractionated gDNA,fastq,g-TUBE,SageELF,deepconsensus,1.2,P2,C2,University of Washington,kmiyamot@uw.edu,HG02486.m54329U_200215_021808.dc.q20.fastq.gz,1104006,21961806834,21.96,26,50575,19892,18279,19527,21159,18447,19769,21485,s3://human-pangenomics/working/HPRC/HG02486/raw_data/PacBio_HiFi/deepconsensus/v1pt2/HG02486.m54329U_200215_021808.dc.q20.fastq.gz,HPRC_DEEPCONSENSUS_v1pt2_2023_12_q20,unaligned reads,,7.08,0.60286
HG02486,,SRP305758,PRJNA701308,SAMN17861238,HG02486.HiFiEx2_f2_dc_m54329U_200313_161638,PacBio HiFi sequencing of HG02486 rebasecalled with DeepConsensus v1.2,WGS,GENOMIC,size fractionation,single,PACBIO_SMRT,Sequel II,HiFi sequencing of 20kb fractionated gDNA,fastq,g-TUBE,SageELF,deepconsensus,1.2,P2,C2,University of Washington,kmiyamot@uw.edu,HG02486.m54329U_200313_161638.dc.q20.fastq.gz,1708473,31422307365,31.42,23,50747,18392,16601,18069,19811,16872,18398,20224,s3://human-pangenomics/working/HPRC/HG02486/raw_data/PacBio_HiFi/deepconsensus/v1pt2/HG02486.m54329U_200313_161638.dc.q20.fastq.gz,HPRC_DEEPCONSENSUS_v1pt2_2023_12_q20,unaligned reads,,10.14,0.558311
HG02486,,SRP305758,PRJNA701308,SAMN17861238,HG02486.HiFiEx2_f2_dc_m54329U_200315_215927,PacBio HiFi sequencing of HG02486 rebasecalled with DeepConsensus v1.2,WGS,GENOMIC,size fractionation,single,PACBIO_SMRT,Sequel II,HiFi sequencing of 20kb fractionated gDNA,fastq,g-TUBE,SageELF,deepconsensus,1.2,P2,C2,University of Washington,kmiyamot@uw.edu,HG02486.m54329U_200315_215927.dc.q20.fastq.gz,1752588,32192801204,32.19,43,50829,18368,16582,18047,19786,16849,18376,20200,s3://human-pangenomics/working/HPRC/HG02486/raw_data/PacBio_HiFi/deepconsensus/v1pt2/HG02486.m54329U_200315_215927.dc.q20.fastq.gz,HPRC_DEEPCONSENSUS_v1pt2_2023_12_q20,unaligned reads,,10.38,0.550419
HG02486,,SRP305758,PRJNA701308,SAMN17861238,HG02486.HiFiEx2_f2_dc_m54329U_200317_041347,PacBio HiFi sequencing of HG02486 rebasecalled with DeepConsensus v1.2,WGS,GENOMIC,size fractionation,single,PACBIO_SMRT,Sequel II,HiFi sequencing of 20kb fractionated gDNA,fastq,g-TUBE,SageELF,deepconsensus,1.2,P2,C2,University of Washington,kmiyamot@uw.edu,HG02486.m54329U_200317_041347.dc.q20.fastq.gz,1519796,28152032954,28.15,27,50009,18523,16718,18193,19950,16989,18526,20366,s3://human-pangenomics/working/HPRC/HG02486/raw_data/PacBio_HiFi/deepconsensus/v1pt2/HG02486.m54329U_200317_041347.dc.q20.fastq.gz,HPRC_DEEPCONSENSUS_v1pt2_2023_12_q20,unaligned reads,,9.08,0.580494
HG02486,,SRP305758,PRJNA701308,SAMN17861238,HG02486.HiFiEx2_f2_dc_m54329U_200320_213710,PacBio HiFi sequencing of HG02486 rebasecalled with DeepConsensus v1.2,WGS,GENOMIC,size fractionation,single,PACBIO_SMRT,Sequel II,HiFi sequencing of 20kb fractionated gDNA,fastq,g-TUBE,SageELF,deepconsensus,1.2,P2,C2,University of Washington,kmiyamot@uw.edu,HG02486.m54329U_200320_213710.dc.q20.fastq.gz,1724596,31798617616,31.8,13,50661,18438,16650,18115,19854,16919,18443,20268,s3://human-pangenomics/working/HPRC/HG02486/raw_data/PacBio_HiFi/deepconsensus/v1pt2/HG02486.m54329U_200320_213710.dc.q20.fastq.gz,HPRC_DEEPCONSENSUS_v1pt2_2023_12_q20,unaligned reads,,10.26,0.539007
HG02486,,SRP305758,PRJNA701308,SAMN17861238,HG02486.HiFiEx_b6_dc_m64076_200211_192227,PacBio HiFi sequencing of HG02486 rebasecalled with DeepConsensus v1.2,WGS,GENOMIC,size fractionation,single,PACBIO_SMRT,Sequel II,HiFi sequencing of 20kb fractionated gDNA,fastq,g-TUBE,SageELF,deepconsensus,1.2,P2,C2,University of Washington,kmiyamot@uw.edu,HG02486.m64076_200211_192227.dc.q20.fastq.gz,60114,1239482926,1.24,34,41363,20618,20073,20744,21422,20137,20799,21476,s3://human-pangenomics/working/HPRC/HG02486/raw_data/PacBio_HiFi/deepconsensus/v1pt2/HG02486.m64076_200211_192227.dc.q20.fastq.gz,HPRC_DEEPCONSENSUS_v1pt2_2023_12_q20,unaligned reads,,0.4,0.88205
HG02514,SRR30729195,SRP305758,PRJNA701308,SAMN37797105,HG02514_PB1_dc_m54306Ue_220225_190349,PacBio HiFi sequencing of HG02514 rebasecalled with DeepConsensus v1.2,WGS,GENOMIC,size fractionation,single,PACBIO_SMRT,Sequel II,HiFi sequencing of 20kb fractionated gDNA,fastq,Megaruptor 3,Pippin HT,deepconsensus,1.2,P2,C2,Rockefeller University,vgl-lab@rockefeller.edu,HG02514.m54306Ue_220225_190349.dc.q20.fastq.gz,739868,17070118216,17.07,646,67958,23071,18769,21709,25998,19587,23112,28026,s3://human-pangenomics/working/HPRC/HG02514/raw_data/PacBio_HiFi/deepconsensus/v1pt2/HG02514.m54306Ue_220225_190349.dc.q20.fastq.gz,HPRC_DEEPCONSENSUS_v1pt2_2024_02_q20_re-run,unaligned reads,,5.51,0.622862
HG02514,SRR30729219,SRP305758,PRJNA701308,SAMN37797105,HG02514_PB1_dc_m54306Ue_220421_052313,PacBio HiFi sequencing of HG02514 rebasecalled with DeepConsensus v1.2,WGS,GENOMIC,size fractionation,single,PACBIO_SMRT,Sequel II,HiFi sequencing of 20kb fractionated gDNA,fastq,Megaruptor 3,Pippin HT,deepconsensus,1.2,P2,C2,Rockefeller University,vgl-lab@rockefeller.edu,HG02514.m54306Ue_220421_052313.dc.q20.fastq.gz,2207600,35710143099,35.71,55,58578,16176,13100,15462,18535,13891,16546,19936,s3://human-pangenomics/working/HPRC/HG02514/raw_data/PacBio_HiFi/deepconsensus/v1pt2/HG02514.m54306Ue_220421_052313.dc.q20.fastq.gz,HPRC_DEEPCONSENSUS_v1pt2_2024_02_q20_re-run,unaligned reads,,11.52,0.573392
HG02514,SRR30729216,SRP305758,PRJNA701308,SAMN37797105,HG02514_PB1_dc_m64330e_220303_183543,PacBio HiFi sequencing of HG02514 rebasecalled with DeepConsensus v1.2,WGS,GENOMIC,size fractionation,single,PACBIO_SMRT,Sequel II,HiFi sequencing of 20kb fractionated gDNA,fastq,Megaruptor 3,Pippin HT,deepconsensus,1.2,P2,C2,Rockefeller University,vgl-lab@rockefeller.edu,HG02514.m64330e_220303_183543.dc.q20.fastq.gz,784797,15351830978,15.35,277,72676,19561,14843,18347,23013,16317,20436,25669,s3://human-pangenomics/working/HPRC/HG02514/raw_data/PacBio_HiFi/deepconsensus/v1pt2/HG02514.m64330e_220303_183543.dc.q20.fastq.gz,HPRC_DEEPCONSENSUS_v1pt2_2024_02_q20_re-run,unaligned reads,,4.95,0.607115
HG02514,SRR30729218,SRP305758,PRJNA701308,SAMN37797105,HG02514_PB1_dc_m64330e_220417_033652,PacBio HiFi sequencing of HG02514 rebasecalled with DeepConsensus v1.2,WGS,GENOMIC,size fractionation,single,PACBIO_SMRT,Sequel II,HiFi sequencing of 20kb fractionated gDNA,fastq,Megaruptor 3,Pippin HT,deepconsensus,1.2,P2,C2,Rockefeller University,vgl-lab@rockefeller.edu,HG02514.m64330e_220417_033652.dc.q20.fastq.gz,2088390,34078014329,34.08,236,57414,16317,13245,15615,18694,14033,16691,20077,s3://human-pangenomics/working/HPRC/HG02514/raw_data/PacBio_HiFi/deepconsensus/v1pt2/HG02514.m64330e_220417_033652.dc.q20.fastq.gz,HPRC_DEEPCONSENSUS_v1pt2_2024_02_q20_re-run,unaligned reads,,10.99,0.587667
HG02523,SRR25618927,SRP305758,PRJNA701308,SAMN26237506,HG02523_lib1_dc,PacBio HiFi sequencing of HG02523 rebasecalled with DeepConsensus v1.2,WGS,GENOMIC,size fractionation,single,PACBIO_SMRT,Sequel II,HiFi sequencing of 20kb fractionated gDNA,fastq,Megaruptor 1,SageELF,deepconsensus,1.2,P2.2,C2,Washington University,tgraves@wustl.edu,HG02523.m64043_210506_183430.dc.q20.fastq.gz,1841302,38945215832,38.95,694,51851,21150,17671,19459,23439,18087,20382,25402,s3://human-pangenomics/working/HPRC/HG02523/raw_data/PacBio_HiFi/deepconsensus/v1pt2/HG02523.m64043_210506_183430.dc.q20.fastq.gz,HPRC_DEEPCONSENSUS_v1pt2,unaligned reads,,12.56,
HG02523,SRR25618927,SRP305758,PRJNA701308,SAMN26237506,HG02523_lib1_dc,PacBio HiFi sequencing of HG02523 rebasecalled with DeepConsensus v1.2,WGS,GENOMIC,size fractionation,single,PACBIO_SMRT,Sequel II,HiFi sequencing of 20kb fractionated gDNA,fastq,Megaruptor 1,SageELF,deepconsensus,1.2,P2.2,C2,Washington University,tgraves@wustl.edu,HG02523.m64043_210508_033135.dc.q20.fastq.gz,1699094,35576325399,35.58,86,50629,20938,17588,19301,23046,17975,20119,24965,s3://human-pangenomics/working/HPRC/HG02523/raw_data/PacBio_HiFi/deepconsensus/v1pt2/HG02523.m64043_210508_033135.dc.q20.fastq.gz,HPRC_DEEPCONSENSUS_v1pt2,unaligned reads,,11.48,
HG02523,SRR25618927,SRP305758,PRJNA701308,SAMN26237506,HG02523_lib1_dc,PacBio HiFi sequencing of HG02523 rebasecalled with DeepConsensus v1.2,WGS,GENOMIC,size fractionation,single,PACBIO_SMRT,Sequel II,HiFi sequencing of 20kb fractionated gDNA,fastq,Megaruptor 1,SageELF,deepconsensus,1.2,P2.2,C2,Washington University,tgraves@wustl.edu,HG02523.m64043_210509_110105.dc.q20.fastq.gz,1587606,33257993220,33.26,561,50961,20948,17598,19316,23073,17987,20142,24972,s3://human-pangenomics/working/HPRC/HG02523/raw_data/PacBio_HiFi/deepconsensus/v1pt2/HG02523.m64043_210509_110105.dc.q20.fastq.gz,HPRC_DEEPCONSENSUS_v1pt2,unaligned reads,,10.73,
HG02559,,SRP305758,PRJNA701308,SAMN17861239,HG02559.HiFiEx_b6_dc_m54329U_200211_192235,PacBio HiFi sequencing of HG02559 rebasecalled with DeepConsensus v1.2,WGS,GENOMIC,size fractionation,single,PACBIO_SMRT,Sequel II,HiFi sequencing of 20kb fractionated gDNA,fastq,g-TUBE,SageELF,deepconsensus,1.2,P2,C2,University of Washington,kmiyamot@uw.edu,HG02559.m54329U_200211_192235.dc.q20.fastq.gz,427439,8468489593,8.47,26,42515,19812,18993,19895,20779,19085,19985,20851,s3://human-pangenomics/working/HPRC/HG02559/raw_data/PacBio_HiFi/deepconsensus/v1pt2/HG02559.m54329U_200211_192235.dc.q20.fastq.gz,HPRC_DEEPCONSENSUS_v1pt2_2023_12_q20,unaligned reads,,2.73,0.674122
HG02559,,SRP305758,PRJNA701308,SAMN17861239,HG02559.HiFiEx_f2_dc_m54329U_200217_055345,PacBio HiFi sequencing of HG02559 rebasecalled with DeepConsensus v1.2,WGS,GENOMIC,size fractionation,single,PACBIO_SMRT,Sequel II,HiFi sequencing of 20kb fractionated gDNA,fastq,g-TUBE,SageELF,deepconsensus,1.2,P2,C2,University of Washington,kmiyamot@uw.edu,HG02559.m54329U_200217_055345.dc.q20.fastq.gz,1955693,40327756048,40.33,42,51727,20620,18572,20163,22129,18857,20530,22635,s3://human-pangenomics/working/HPRC/HG02559/raw_data/PacBio_HiFi/deepconsensus/v1pt2/HG02559.m54329U_200217_055345.dc.q20.fastq.gz,HPRC_DEEPCONSENSUS_v1pt2_2023_12_q20,unaligned reads,,13.01,0.574123
HG02559,,SRP305758,PRJNA701308,SAMN17861239,HG02559.HiFiEx_f2_dc_m54329U_200219_181523,PacBio HiFi sequencing of HG02559 rebasecalled with DeepConsensus v1.2,WGS,GENOMIC,size fractionation,single,PACBIO_SMRT,Sequel II,HiFi sequencing of 20kb fractionated gDNA,fastq,g-TUBE,SageELF,deepconsensus,1.2,P2,C2,University of Washington,kmiyamot@uw.edu,HG02559.m54329U_200219_181523.dc.q20.fastq.gz,1869995,38350957181,38.35,43,53014,20508,18491,20066,22011,18771,20426,22504,s3://human-pangenomics/working/HPRC/HG02559/raw_data/PacBio_HiFi/deepconsensus/v1pt2/HG02559.m54329U_200219_181523.dc.q20.fastq.gz,HPRC_DEEPCONSENSUS_v1pt2_2023_12_q20,unaligned reads,,12.37,0.556163
HG02559,,SRP305758,PRJNA701308,SAMN17861239,HG02559.HiFiEx_f2_dc_m64076_200215_021919,PacBio HiFi sequencing of HG02559 rebasecalled with DeepConsensus v1.2,WGS,GENOMIC,size fractionation,single,PACBIO_SMRT,Sequel II,HiFi sequencing of 20kb fractionated gDNA,fastq,g-TUBE,SageELF,deepconsensus,1.2,P2,C2,University of Washington,kmiyamot@uw.edu,HG02559.m64076_200215_021919.dc.q20.fastq.gz,1662850,33968116660,33.97,56,51097,20427,18442,20006,21910,18718,20358,22387,s3://human-pangenomics/working/HPRC/HG02559/raw_data/PacBio_HiFi/deepconsensus/v1pt2/HG02559.m64076_200215_021919.dc.q20.fastq.gz,HPRC_DEEPCONSENSUS_v1pt2_2023_12_q20,unaligned reads,,10.96,0.55814
HG02559,,SRP305758,PRJNA701308,SAMN17861239,HG02559.HiFiEx_f2_dc_m64076_200217_055339,PacBio HiFi sequencing of HG02559 rebasecalled with DeepConsensus v1.2,WGS,GENOMIC,size fractionation,single,PACBIO_SMRT,Sequel II,HiFi sequencing of 20kb fractionated gDNA,fastq,g-TUBE,SageELF,deepconsensus,1.2,P2,C2,University of Washington,kmiyamot@uw.edu,HG02559.m64076_200217_055339.dc.q20.fastq.gz,1922228,39467474423,39.47,16,50913,20532,18518,20094,22027,18798,20452,22514,s3://human-pangenomics/working/HPRC/HG02559/raw_data/PacBio_HiFi/deepconsensus/v1pt2/HG02559.m64076_200217_055339.dc.q20.fastq.gz,HPRC_DEEPCONSENSUS_v1pt2_2023_12_q20,unaligned reads,,12.73,0.559107
HG02572,,SRP305758,PRJNA701308,SAMN17861240,HG02572.HiFiEx_f2_dc_m54329U_200319_002813,PacBio HiFi sequencing of HG02572 rebasecalled with DeepConsensus v1.2,WGS,GENOMIC,size fractionation,single,PACBIO_SMRT,Sequel II,HiFi sequencing of 20kb fractionated gDNA,fastq,g-TUBE,SageELF,deepconsensus,1.2,P2,C2,University of Washington,kmiyamot@uw.edu,HG02572.m54329U_200319_002813.dc.q20.fastq.gz,1514501,30543760391,30.54,41,52638,20167,18022,19733,21857,18360,20172,22426,s3://human-pangenomics/working/HPRC/HG02572/raw_data/PacBio_HiFi/deepconsensus/v1pt2/HG02572.m54329U_200319_002813.dc.q20.fastq.gz,HPRC_DEEPCONSENSUS_v1pt2_2023_12_q20,unaligned reads,,9.85,0.580276
HG02572,,SRP305758,PRJNA701308,SAMN17861240,HG02572.HiFiEx_f2_dc_m64076_200313_161705,PacBio HiFi sequencing of HG02572 rebasecalled with DeepConsensus v1.2,WGS,GENOMIC,size fractionation,single,PACBIO_SMRT,Sequel II,HiFi sequencing of 20kb fractionated gDNA,fastq,g-TUBE,SageELF,deepconsensus,1.2,P2,C2,University of Washington,kmiyamot@uw.edu,HG02572.m64076_200313_161705.dc.q20.fastq.gz,1602887,31863166284,31.86,44,50964,19878,17815,19481,21555,18145,19909,22108,s3://human-pangenomics/working/HPRC/HG02572/raw_data/PacBio_HiFi/deepconsensus/v1pt2/HG02572.m64076_200313_161705.dc.q20.fastq.gz,HPRC_DEEPCONSENSUS_v1pt2_2023_12_q20,unaligned reads,,10.28,0.568394
HG02572,,SRP305758,PRJNA701308,SAMN17861240,HG02572.HiFiEx_f2_dc_m64076_200317_041201,PacBio HiFi sequencing of HG02572 rebasecalled with DeepConsensus v1.2,WGS,GENOMIC,size fractionation,single,PACBIO_SMRT,Sequel II,HiFi sequencing of 20kb fractionated gDNA,fastq,g-TUBE,SageELF,deepconsensus,1.2,P2,C2,University of Washington,kmiyamot@uw.edu,HG02572.m64076_200317_041201.dc.q20.fastq.gz,1246996,24983457384,24.98,56,51674,20034,17896,19605,21741,18241,20052,22328,s3://human-pangenomics/working/HPRC/HG02572/raw_data/PacBio_HiFi/deepconsensus/v1pt2/HG02572.m64076_200317_041201.dc.q20.fastq.gz,HPRC_DEEPCONSENSUS_v1pt2_2023_12_q20,unaligned reads,,8.06,0.605895
HG02572,,SRP305758,PRJNA701308,SAMN17861240,HG02572.HiFiEx_f2_dc_m64076_200318_103811,PacBio HiFi sequencing of HG02572 rebasecalled with DeepConsensus v1.2,WGS,GENOMIC,size fractionation,single,PACBIO_SMRT,Sequel II,HiFi sequencing of 20kb fractionated gDNA,fastq,g-TUBE,SageELF,deepconsensus,1.2,P2,C2,University of Washington,kmiyamot@uw.edu,HG02572.m64076_200318_103811.dc.q20.fastq.gz,1335760,26809541202,26.81,49,51136,20070,17939,19651,21774,18283,20093,22348,s3://human-pangenomics/working/HPRC/HG02572/raw_data/PacBio_HiFi/deepconsensus/v1pt2/HG02572.m64076_200318_103811.dc.q20.fastq.gz,HPRC_DEEPCONSENSUS_v1pt2_2023_12_q20,unaligned reads,,8.65,0.587705
HG02602,SRR25618926,SRP305758,PRJNA701308,SAMN26237507,HG02602_lib1_dc,PacBio HiFi sequencing of HG02602 rebasecalled with DeepConsensus v1.2,WGS,GENOMIC,size fractionation,single,PACBIO_SMRT,Sequel II,HiFi sequencing of 20kb fractionated gDNA,fastq,Megaruptor 1,SageELF,deepconsensus,1.2,P2.2,C2,Washington University,tgraves@wustl.edu,HG02602.m64043_210612_053030.dc.q20.fastq.gz,1085381,22347076450,22.35,46,50008,20589,17743,19166,22369,18014,19736,23947,s3://human-pangenomics/working/HPRC/HG02602/raw_data/PacBio_HiFi/deepconsensus/v1pt2/HG02602.m64043_210612_053030.dc.q20.fastq.gz,HPRC_DEEPCONSENSUS_v1pt2,unaligned reads,,7.21,
HG02602,SRR25618926,SRP305758,PRJNA701308,SAMN26237507,HG02602_lib1_dc,PacBio HiFi sequencing of HG02602 rebasecalled with DeepConsensus v1.2,WGS,GENOMIC,size fractionation,single,PACBIO_SMRT,Sequel II,HiFi sequencing of 20kb fractionated gDNA,fastq,Megaruptor 1,SageELF,deepconsensus,1.2,P2.2,C2,Washington University,tgraves@wustl.edu,HG02602.m64043_210613_133026.dc.q20.fastq.gz,1463377,30027050010,30.03,395,50380,20519,17725,19127,22230,17989,19675,23788,s3://human-pangenomics/working/HPRC/HG02602/raw_data/PacBio_HiFi/deepconsensus/v1pt2/HG02602.m64043_210613_133026.dc.q20.fastq.gz,HPRC_DEEPCONSENSUS_v1pt2,unaligned reads,,9.69,
HG02602,SRR25618926,SRP305758,PRJNA701308,SAMN26237507,HG02602_lib1_dc,PacBio HiFi sequencing of HG02602 rebasecalled with DeepConsensus v1.2,WGS,GENOMIC,size fractionation,single,PACBIO_SMRT,Sequel II,HiFi sequencing of 20kb fractionated gDNA,fastq,Megaruptor 1,SageELF,deepconsensus,1.2,P2.2,C2,Washington University,tgraves@wustl.edu,HG02602.m64043_210614_223013.dc.q20.fastq.gz,1205304,24766247077,24.77,558,49654,20547,17730,19143,22305,17998,19703,23858,s3://human-pangenomics/working/HPRC/HG02602/raw_data/PacBio_HiFi/deepconsensus/v1pt2/HG02602.m64043_210614_223013.dc.q20.fastq.gz,HPRC_DEEPCONSENSUS_v1pt2,unaligned reads,,7.99,
HG02602,SRR25618926,SRP305758,PRJNA701308,SAMN26237507,HG02602_lib1_dc,PacBio HiFi sequencing of HG02602 rebasecalled with DeepConsensus v1.2,WGS,GENOMIC,size fractionation,single,PACBIO_SMRT,Sequel II,HiFi sequencing of 20kb fractionated gDNA,fastq,Megaruptor 1,SageELF,deepconsensus,1.2,P2.2,C2,Washington University,tgraves@wustl.edu,HG02602.m64043_210618_184604.dc.q20.fastq.gz,1898341,39941766837,39.94,1,51030,21040,17908,19493,23265,18223,20233,24819,s3://human-pangenomics/working/HPRC/HG02602/raw_data/PacBio_HiFi/deepconsensus/v1pt2/HG02602.m64043_210618_184604.dc.q20.fastq.gz,HPRC_DEEPCONSENSUS_v1pt2,unaligned reads,,12.88,
HG02615,SRR25618925,SRP305758,PRJNA701308,SAMN26237508,HG02615_lib1_dc,PacBio HiFi sequencing of HG02615 rebasecalled with DeepConsensus v1.2,WGS,GENOMIC,size fractionation,single,PACBIO_SMRT,Sequel II,HiFi sequencing of 20kb fractionated gDNA,fastq,Megaruptor 1,SageELF,deepconsensus,1.2,P2.2,C2,Washington University,tgraves@wustl.edu,HG02615.m64136_210528_171842.dc.q20.fastq.gz,1903550,36510082623,36.51,279,51228,19179,16624,18315,21253,16940,18942,22088,s3://human-pangenomics/working/HPRC/HG02615/raw_data/PacBio_HiFi/deepconsensus/v1pt2/HG02615.m64136_210528_171842.dc.q20.fastq.gz,HPRC_DEEPCONSENSUS_v1pt2,unaligned reads,,11.78,
HG02615,SRR25618925,SRP305758,PRJNA701308,SAMN26237508,HG02615_lib1_dc,PacBio HiFi sequencing of HG02615 rebasecalled with DeepConsensus v1.2,WGS,GENOMIC,size fractionation,single,PACBIO_SMRT,Sequel II,HiFi sequencing of 20kb fractionated gDNA,fastq,Megaruptor 1,SageELF,deepconsensus,1.2,P2.2,C2,Washington University,tgraves@wustl.edu,HG02615.m64136_210530_004827.dc.q20.fastq.gz,1820751,35551275524,35.55,45,50310,19525,16835,18707,21746,17197,19438,22551,s3://human-pangenomics/working/HPRC/HG02615/raw_data/PacBio_HiFi/deepconsensus/v1pt2/HG02615.m64136_210530_004827.dc.q20.fastq.gz,HPRC_DEEPCONSENSUS_v1pt2,unaligned reads,,11.47,
HG02615,SRR25618925,SRP305758,PRJNA701308,SAMN26237508,HG02615_lib1_dc,PacBio HiFi sequencing of HG02615 rebasecalled with DeepConsensus v1.2,WGS,GENOMIC,size fractionation,single,PACBIO_SMRT,Sequel II,HiFi sequencing of 20kb fractionated gDNA,fastq,Megaruptor 1,SageELF,deepconsensus,1.2,P2.2,C2,Washington University,tgraves@wustl.edu,HG02615.m64136_210531_083342.dc.q20.fastq.gz,1836455,35831648067,35.83,45,50622,19511,16829,18689,21726,17188,19410,22525,s3://human-pangenomics/working/HPRC/HG02615/raw_data/PacBio_HiFi/deepconsensus/v1pt2/HG02615.m64136_210531_083342.dc.q20.fastq.gz,HPRC_DEEPCONSENSUS_v1pt2,unaligned reads,,11.56,
HG02622,,SRP305758,PRJNA701308,SAMN17861664,HG02622_lib1_dc_m64043_200530_164723,PacBio HiFi sequencing of HG02622 rebasecalled with DeepConsensus v1.2,WGS,GENOMIC,size fractionation,single,PACBIO_SMRT,Sequel II,HiFi sequencing of 20kb fractionated gDNA,fastq,Megaruptor 1,SageELF,deepconsensus,1.2,,,Washington University,tgraves@wustl.edu,HG02622.m64043_200530_164723.dc.q20.fastq.gz,1913962,44637262317,44.64,38,52023,23321,20549,22485,25337,20917,23085,26262,s3://human-pangenomics/working/HPRC/HG02622/raw_data/PacBio_HiFi/deepconsensus/v1pt2/HG02622.m64043_200530_164723.dc.q20.fastq.gz,HPRC_DEEPCONSENSUS_v1pt2_2023_12_q20,unaligned reads,,14.4,0.56075
HG02622,,SRP305758,PRJNA701308,SAMN17861664,HG02622_lib1_dc_m64043_200601_191521,PacBio HiFi sequencing of HG02622 rebasecalled with DeepConsensus v1.2,WGS,GENOMIC,size fractionation,single,PACBIO_SMRT,Sequel II,HiFi sequencing of 20kb fractionated gDNA,fastq,Megaruptor 1,SageELF,deepconsensus,1.2,,,Washington University,tgraves@wustl.edu,HG02622.m64043_200601_191521.dc.q20.fastq.gz,1871495,44021035469,44.02,31,51033,23521,20694,22689,25586,21074,23310,26523,s3://human-pangenomics/working/HPRC/HG02622/raw_data/PacBio_HiFi/deepconsensus/v1pt2/HG02622.m64043_200601_191521.dc.q20.fastq.gz,HPRC_DEEPCONSENSUS_v1pt2_2023_12_q20,unaligned reads,,14.2,0.606398
HG02622,,SRP305758,PRJNA701308,SAMN17861664,HG02622_lib1_dc_m64043_200603_012738,PacBio HiFi sequencing of HG02622 rebasecalled with DeepConsensus v1.2,WGS,GENOMIC,size fractionation,single,PACBIO_SMRT,Sequel II,HiFi sequencing of 20kb fractionated gDNA,fastq,Megaruptor 1,SageELF,deepconsensus,1.2,,,Washington University,tgraves@wustl.edu,HG02622.m64043_200603_012738.dc.q20.fastq.gz,1920156,44550128024,44.55,33,51507,23201,20485,22375,25173,20840,22951,26077,s3://human-pangenomics/working/HPRC/HG02622/raw_data/PacBio_HiFi/deepconsensus/v1pt2/HG02622.m64043_200603_012738.dc.q20.fastq.gz,HPRC_DEEPCONSENSUS_v1pt2_2023_12_q20,unaligned reads,,14.37,0.592258
HG02622,,SRP305758,PRJNA701308,SAMN17861664,HG02622_lib1_dc_m64043_200604_075218,PacBio HiFi sequencing of HG02622 rebasecalled with DeepConsensus v1.2,WGS,GENOMIC,size fractionation,single,PACBIO_SMRT,Sequel II,HiFi sequencing of 20kb fractionated gDNA,fastq,Megaruptor 1,SageELF,deepconsensus,1.2,,,Washington University,tgraves@wustl.edu,HG02622.m64043_200604_075218.dc.q20.fastq.gz,1878494,43662141540,43.66,43,51499,23243,20508,22406,25227,20865,22987,26147,s3://human-pangenomics/working/HPRC/HG02622/raw_data/PacBio_HiFi/deepconsensus/v1pt2/HG02622.m64043_200604_075218.dc.q20.fastq.gz,HPRC_DEEPCONSENSUS_v1pt2_2023_12_q20,unaligned reads,,14.08,0.600023
HG02630,,SRP305758,PRJNA701308,SAMN17861665,HG02630_lib1_dc_m64043_200501_162248,PacBio HiFi sequencing of HG02630 rebasecalled with DeepConsensus v1.2,WGS,GENOMIC,size fractionation,single,PACBIO_SMRT,Sequel II,HiFi sequencing of 20kb fractionated gDNA,fastq,Megaruptor 1,SageELF,deepconsensus,1.2,,,Washington University,tgraves@wustl.edu,HG02630.m64043_200501_162248.dc.q20.fastq.gz,2443117,46615070147,46.62,32,51440,19080,16850,18539,20756,17209,19015,21464,s3://human-pangenomics/working/HPRC/HG02630/raw_data/PacBio_HiFi/deepconsensus/v1pt2/HG02630.m64043_200501_162248.dc.q20.fastq.gz,HPRC_DEEPCONSENSUS_v1pt2_2023_12_q20,unaligned reads,,15.04,0.597936
HG02630,,SRP305758,PRJNA701308,SAMN17861665,HG02630_lib1_dc_m64043_200502_223511,PacBio HiFi sequencing of HG02630 rebasecalled with DeepConsensus v1.2,WGS,GENOMIC,size fractionation,single,PACBIO_SMRT,Sequel II,HiFi sequencing of 20kb fractionated gDNA,fastq,Megaruptor 1,SageELF,deepconsensus,1.2,,,Washington University,tgraves@wustl.edu,HG02630.m64043_200502_223511.dc.q20.fastq.gz,2292376,44888204927,44.89,45,50938,19581,17196,18998,21410,17591,19535,22193,s3://human-pangenomics/working/HPRC/HG02630/raw_data/PacBio_HiFi/deepconsensus/v1pt2/HG02630.m64043_200502_223511.dc.q20.fastq.gz,HPRC_DEEPCONSENSUS_v1pt2_2023_12_q20,unaligned reads,,14.48,0.551043
HG02630,,SRP305758,PRJNA701308,SAMN17861665,HG02630_lib1_dc_m64043_200504_050026,PacBio HiFi sequencing of HG02630 rebasecalled with DeepConsensus v1.2,WGS,GENOMIC,size fractionation,single,PACBIO_SMRT,Sequel II,HiFi sequencing of 20kb fractionated gDNA,fastq,Megaruptor 1,SageELF,deepconsensus,1.2,,,Washington University,tgraves@wustl.edu,HG02630.m64043_200504_050026.dc.q20.fastq.gz,2295592,44545171920,44.55,45,49570,19404,17093,18845,21155,17470,19348,21902,s3://human-pangenomics/working/HPRC/HG02630/raw_data/PacBio_HiFi/deepconsensus/v1pt2/HG02630.m64043_200504_050026.dc.q20.fastq.gz,HPRC_DEEPCONSENSUS_v1pt2_2023_12_q20,unaligned reads,,14.37,0.57204
HG02630,,SRP305758,PRJNA701308,SAMN17861665,HG02630_lib1_dc_m64043_200505_112554,PacBio HiFi sequencing of HG02630 rebasecalled with DeepConsensus v1.2,WGS,GENOMIC,size fractionation,single,PACBIO_SMRT,Sequel II,HiFi sequencing of 20kb fractionated gDNA,fastq,Megaruptor 1,SageELF,deepconsensus,1.2,,,Washington University,tgraves@wustl.edu,HG02630.m64043_200505_112554.dc.q20.fastq.gz,2265260,43753386794,43.75,45,50292,19314,17027,18757,21045,17397,19252,21781,s3://human-pangenomics/working/HPRC/HG02630/raw_data/PacBio_HiFi/deepconsensus/v1pt2/HG02630.m64043_200505_112554.dc.q20.fastq.gz,HPRC_DEEPCONSENSUS_v1pt2_2023_12_q20,unaligned reads,,14.11,0.559107
HG02647,SRR25618924,SRP305758,PRJNA701308,SAMN26267383,HG02647.HFSS_dc,PacBio HiFi sequencing of HG02647 rebasecalled with DeepConsensus v1.2,WGS,GENOMIC,size fractionation,single,PACBIO_SMRT,Sequel II,HiFi sequencing of 20kb fractionated gDNA,fastq,Megaruptor 3,PippinHT,deepconsensus,1.2,P2.2,C2,University of Washington,kmiyamot@uw.edu,HG02647.m54329U_210604_200442.dc.q20.fastq.gz,2158141,37502519109,37.5,47,50523,17377,14222,16928,20126,15169,18032,21360,s3://human-pangenomics/working/HPRC/HG02647/raw_data/PacBio_HiFi/deepconsensus/v1pt2/HG02647.m54329U_210604_200442.dc.q20.fastq.gz,HPRC_DEEPCONSENSUS_v1pt2,unaligned reads,,12.1,
HG02647,SRR25618924,SRP305758,PRJNA701308,SAMN26267383,HG02647.HFSS_dc,PacBio HiFi sequencing of HG02647 rebasecalled with DeepConsensus v1.2,WGS,GENOMIC,size fractionation,single,PACBIO_SMRT,Sequel II,HiFi sequencing of 20kb fractionated gDNA,fastq,Megaruptor 3,PippinHT,deepconsensus,1.2,P2.2,C2,University of Washington,kmiyamot@uw.edu,HG02647.m64076_210527_231639.dc.q20.fastq.gz,1871199,31380994575,31.38,3,49551,16770,13644,16259,19411,14565,17370,20696,s3://human-pangenomics/working/HPRC/HG02647/raw_data/PacBio_HiFi/deepconsensus/v1pt2/HG02647.m64076_210527_231639.dc.q20.fastq.gz,HPRC_DEEPCONSENSUS_v1pt2,unaligned reads,,10.12,
HG02647,SRR25618924,SRP305758,PRJNA701308,SAMN26267383,HG02647.HFSS_dc,PacBio HiFi sequencing of HG02647 rebasecalled with DeepConsensus v1.2,WGS,GENOMIC,size fractionation,single,PACBIO_SMRT,Sequel II,HiFi sequencing of 20kb fractionated gDNA,fastq,Megaruptor 3,PippinHT,deepconsensus,1.2,P2.2,C2,University of Washington,kmiyamot@uw.edu,HG02647.m64076_210530_192034.dc.q20.fastq.gz,2069070,35326623134,35.33,45,49710,17073,13944,16594,19757,14870,17690,21013,s3://human-pangenomics/working/HPRC/HG02647/raw_data/PacBio_HiFi/deepconsensus/v1pt2/HG02647.m64076_210530_192034.dc.q20.fastq.gz,HPRC_DEEPCONSENSUS_v1pt2,unaligned reads,,11.4,
HG02647,SRR25618924,SRP305758,PRJNA701308,SAMN26267383,HG02647.HFSS_dc,PacBio HiFi sequencing of HG02647 rebasecalled with DeepConsensus v1.2,WGS,GENOMIC,size fractionation,single,PACBIO_SMRT,Sequel II,HiFi sequencing of 20kb fractionated gDNA,fastq,Megaruptor 3,PippinHT,deepconsensus,1.2,P2.2,C2,University of Washington,kmiyamot@uw.edu,HG02647.m64076_210601_061523.dc.q20.fastq.gz,2085056,35892236784,35.89,48,50960,17214,14057,16737,19946,14998,17853,21213,s3://human-pangenomics/working/HPRC/HG02647/raw_data/PacBio_HiFi/deepconsensus/v1pt2/HG02647.m64076_210601_061523.dc.q20.fastq.gz,HPRC_DEEPCONSENSUS_v1pt2,unaligned reads,,11.58,
HG02683,SRR25618923,SRP305758,PRJNA701308,SAMN26267384,HG02683.HFSS_dc,PacBio HiFi sequencing of HG02683 rebasecalled with DeepConsensus v1.2,WGS,GENOMIC,size fractionation,single,PACBIO_SMRT,PacBio Sequel II,HiFi sequencing of 21kb fractionated gDNA rebasecalled using DeepConsensus,fastq.gz,Megaruptor 3,PippinHT,deepconsensus,1.2,P2.2,C2,University of Washington,kmiyamot@uw.edu,HG02683.m54329U_210707_171722.dc.q20.fastq.gz,1998290,37520033668,37.52,234,49898,18776,15816,18026,21087,16379,18895,22246,s3://human-pangenomics/working/HPRC/HG02683/raw_data/PacBio_HiFi/deepconsensus/v1pt2/HG02683.m54329U_210707_171722.dc.q20.fastq.gz,HPRC_DEEPCONSENSUS_v1pt2,unaligned reads,,12.1,
HG02683,SRR25618923,SRP305758,PRJNA701308,SAMN26267384,HG02683.HFSS_dc,PacBio HiFi sequencing of HG02683 rebasecalled with DeepConsensus v1.2,WGS,GENOMIC,size fractionation,single,PACBIO_SMRT,PacBio Sequel II,HiFi sequencing of 21kb fractionated gDNA rebasecalled using DeepConsensus,fastq.gz,Megaruptor 3,PippinHT,deepconsensus,1.2,P2.2,C2,University of Washington,kmiyamot@uw.edu,HG02683.m54329U_210709_030038.dc.q20.fastq.gz,1963921,36780695107,36.78,69,50091,18728,15787,17982,21014,16342,18841,22155,s3://human-pangenomics/working/HPRC/HG02683/raw_data/PacBio_HiFi/deepconsensus/v1pt2/HG02683.m54329U_210709_030038.dc.q20.fastq.gz,HPRC_DEEPCONSENSUS_v1pt2,unaligned reads,,11.86,
HG02683,SRR25618923,SRP305758,PRJNA701308,SAMN26267384,HG02683.HFSS_dc,PacBio HiFi sequencing of HG02683 rebasecalled with DeepConsensus v1.2,WGS,GENOMIC,size fractionation,single,PACBIO_SMRT,PacBio Sequel II,HiFi sequencing of 21kb fractionated gDNA rebasecalled using DeepConsensus,fastq.gz,Megaruptor 3,PippinHT,deepconsensus,1.2,P2.2,C2,University of Washington,kmiyamot@uw.edu,HG02683.m64076_210703_103644.dc.q20.fastq.gz,2054091,38438745099,38.44,45,50341,18713,15781,17965,21009,16331,18821,22150,s3://human-pangenomics/working/HPRC/HG02683/raw_data/PacBio_HiFi/deepconsensus/v1pt2/HG02683.m64076_210703_103644.dc.q20.fastq.gz,HPRC_DEEPCONSENSUS_v1pt2,unaligned reads,,12.4,
HG02698,SRR25618922,SRP305758,PRJNA701308,SAMN26237509,HG02698_lib1_dc,PacBio HiFi sequencing of HG02698 rebasecalled with DeepConsensus v1.2,WGS,GENOMIC,size fractionation,single,PACBIO_SMRT,Sequel II,HiFi sequencing of 20kb fractionated gDNA,fastq,Megaruptor 1,SageELF,deepconsensus,1.2,P2.2,C2,Washington University,tgraves@wustl.edu,HG02698.m64043_210519_013026.dc.q20.fastq.gz,1784686,35898920612,35.9,42,50242,20114,17208,19025,22510,17572,19829,23559,s3://human-pangenomics/working/HPRC/HG02698/raw_data/PacBio_HiFi/deepconsensus/v1pt2/HG02698.m64043_210519_013026.dc.q20.fastq.gz,HPRC_DEEPCONSENSUS_v1pt2,unaligned reads,,11.58,
HG02698,SRR25618922,SRP305758,PRJNA701308,SAMN26237509,HG02698_lib1_dc,PacBio HiFi sequencing of HG02698 rebasecalled with DeepConsensus v1.2,WGS,GENOMIC,size fractionation,single,PACBIO_SMRT,Sequel II,HiFi sequencing of 20kb fractionated gDNA,fastq,Megaruptor 1,SageELF,deepconsensus,1.2,P2.2,C2,Washington University,tgraves@wustl.edu,HG02698.m64136_210514_184433.dc.q20.fastq.gz,1713223,34217694961,34.22,86,49682,19972,17133,18877,22274,17474,19614,23338,s3://human-pangenomics/working/HPRC/HG02698/raw_data/PacBio_HiFi/deepconsensus/v1pt2/HG02698.m64136_210514_184433.dc.q20.fastq.gz,HPRC_DEEPCONSENSUS_v1pt2,unaligned reads,,11.04,
HG02698,SRR25618922,SRP305758,PRJNA701308,SAMN26237509,HG02698_lib1_dc,PacBio HiFi sequencing of HG02698 rebasecalled with DeepConsensus v1.2,WGS,GENOMIC,size fractionation,single,PACBIO_SMRT,Sequel II,HiFi sequencing of 20kb fractionated gDNA,fastq,Megaruptor 1,SageELF,deepconsensus,1.2,P2.2,C2,Washington University,tgraves@wustl.edu,HG02698.m64136_210517_184202.dc.q20.fastq.gz,1789130,35730712401,35.73,45,50507,19970,17134,18880,22274,17477,19619,23342,s3://human-pangenomics/working/HPRC/HG02698/raw_data/PacBio_HiFi/deepconsensus/v1pt2/HG02698.m64136_210517_184202.dc.q20.fastq.gz,HPRC_DEEPCONSENSUS_v1pt2,unaligned reads,,11.53,
HG02717,,SRP305758,PRJNA701308,SAMN17861666,HG02717_lib1_dc_m64043_200403_163826,PacBio HiFi sequencing of HG02717 rebasecalled with DeepConsensus v1.2,WGS,GENOMIC,size fractionation,single,PACBIO_SMRT,Sequel II,HiFi sequencing of 20kb fractionated gDNA,fastq,Megaruptor 1,SageELF,deepconsensus,1.2,,,Washington University,tgraves@wustl.edu,HG02717.m64043_200403_163826.dc.q20.fastq.gz,2532340,43510448734,43.51,45,49890,17181,14888,16275,18601,15169,16776,19713,s3://human-pangenomics/working/HPRC/HG02717/raw_data/PacBio_HiFi/deepconsensus/v1pt2/HG02717.m64043_200403_163826.dc.q20.fastq.gz,HPRC_DEEPCONSENSUS_v1pt2_2023_12_q20,unaligned reads,,14.04,0.574074
HG02717,,SRP305758,PRJNA701308,SAMN17861666,HG02717_lib1_dc_m64043_200405_180950,PacBio HiFi sequencing of HG02717 rebasecalled with DeepConsensus v1.2,WGS,GENOMIC,size fractionation,single,PACBIO_SMRT,Sequel II,HiFi sequencing of 20kb fractionated gDNA,fastq,Megaruptor 1,SageELF,deepconsensus,1.2,,,Washington University,tgraves@wustl.edu,HG02717.m64043_200405_180950.dc.q20.fastq.gz,2422244,41882067137,41.88,45,51533,17290,14964,16378,18766,15252,16893,19884,s3://human-pangenomics/working/HPRC/HG02717/raw_data/PacBio_HiFi/deepconsensus/v1pt2/HG02717.m64043_200405_180950.dc.q20.fastq.gz,HPRC_DEEPCONSENSUS_v1pt2_2023_12_q20,unaligned reads,,13.51,0.59418
HG02717,,SRP305758,PRJNA701308,SAMN17861666,HG02717_lib1_dc_m64043_200407_002219,PacBio HiFi sequencing of HG02717 rebasecalled with DeepConsensus v1.2,WGS,GENOMIC,size fractionation,single,PACBIO_SMRT,Sequel II,HiFi sequencing of 20kb fractionated gDNA,fastq,Megaruptor 1,SageELF,deepconsensus,1.2,,,Washington University,tgraves@wustl.edu,HG02717.m64043_200407_002219.dc.q20.fastq.gz,2444051,42353044494,42.35,44,50704,17329,14969,16405,18840,15262,16939,19972,s3://human-pangenomics/working/HPRC/HG02717/raw_data/PacBio_HiFi/deepconsensus/v1pt2/HG02717.m64043_200407_002219.dc.q20.fastq.gz,HPRC_DEEPCONSENSUS_v1pt2_2023_12_q20,unaligned reads,,13.66,0.587362
HG02717,,SRP305758,PRJNA701308,SAMN17861666,HG02717_lib1_dc_m64043_200408_064651,PacBio HiFi sequencing of HG02717 rebasecalled with DeepConsensus v1.2,WGS,GENOMIC,size fractionation,single,PACBIO_SMRT,Sequel II,HiFi sequencing of 20kb fractionated gDNA,fastq,Megaruptor 1,SageELF,deepconsensus,1.2,,,Washington University,tgraves@wustl.edu,HG02717.m64043_200408_064651.dc.q20.fastq.gz,2408182,41554151349,41.55,48,50478,17255,14931,16340,18713,15218,16853,19835,s3://human-pangenomics/working/HPRC/HG02717/raw_data/PacBio_HiFi/deepconsensus/v1pt2/HG02717.m64043_200408_064651.dc.q20.fastq.gz,HPRC_DEEPCONSENSUS_v1pt2_2023_12_q20,unaligned reads,,13.4,0.57662
HG02717,SRR30729193,SRP305758,PRJNA701308,SAMN17861666,HG02717_lib1_dc_m64043_220603_180546,PacBio HiFi sequencing of HG02717 rebasecalled with DeepConsensus v1.2,WGS,GENOMIC,size fractionation,single,PACBIO_SMRT,Sequel II,HiFi sequencing of 20kb fractionated gDNA,fastq,Megaruptor 1,SageELF,deepconsensus,1.2,P2.2,C2,Washington University,tgraves@wustl.edu,HG02717.m64043_220603_180546.dc.q20.fastq.gz,1684521,35143784523,35.14,455,60918,20862,17998,20737,23149,18898,21343,23835,s3://human-pangenomics/working/HPRC/HG02717/raw_data/PacBio_HiFi/deepconsensus/v1pt2/HG02717.m64043_220603_180546.dc.q20.fastq.gz,HPRC_DEEPCONSENSUS_v1pt2_2024_02_q20_re-run,unaligned reads,,11.34,0.589636
HG02717,SRR30729194,SRP305758,PRJNA701308,SAMN17861666,HG02717_lib1_dc_m64136_220603_180611,PacBio HiFi sequencing of HG02717 rebasecalled with DeepConsensus v1.2,WGS,GENOMIC,size fractionation,single,PACBIO_SMRT,Sequel II,HiFi sequencing of 20kb fractionated gDNA,fastq,Megaruptor 1,SageELF,deepconsensus,1.2,P2.2,C2,Washington University,tgraves@wustl.edu,HG02717.m64136_220603_180611.dc.q20.fastq.gz,2319964,48354936791,48.35,69,77092,20842,17957,20698,23114,18847,21300,23815,s3://human-pangenomics/working/HPRC/HG02717/raw_data/PacBio_HiFi/deepconsensus/v1pt2/HG02717.m64136_220603_180611.dc.q20.fastq.gz,HPRC_DEEPCONSENSUS_v1pt2_2024_02_q20_re-run,unaligned reads,,15.6,0.571862
HG02735,SRR26545332,SRP305758,PRJNA701308,SAMN33758787,HG02735_SRE.HFSS_dc,PacBio HiFi sequencing of HG02735 rebasecalled with DeepConsensus v1.2,WGS,GENOMIC,size fractionation,single,PACBIO_SMRT,Sequel II,HiFi sequencing of 20kb fractionated gDNA,fastq,Megaruptor 1,SageELF,deepconsensus,1.2,P2,C2,Washington University,tgraves@wustl.edu,HG02735.m54329U_211109_002533.dc.q20.fastq.gz,752277,14578158120,14.58,77,57727,19378,16307,18470,21589,16826,19345,22827,s3://human-pangenomics/working/HPRC/HG02735/raw_data/PacBio_HiFi/deepconsensus/v1pt2/HG02735.m54329U_211109_002533.dc.q20.fastq.gz,HPRC_DEEPCONSENSUS_v1pt2_2023_08_q20,unaligned reads,,4.7,
HG02735,SRR26545332,SRP305758,PRJNA701308,SAMN33758787,HG02735_SRE.HFSS_dc,PacBio HiFi sequencing of HG02735 rebasecalled with DeepConsensus v1.2,WGS,GENOMIC,size fractionation,single,PACBIO_SMRT,Sequel II,HiFi sequencing of 20kb fractionated gDNA,fastq,Megaruptor 1,SageELF,deepconsensus,1.2,P2,C2,Washington University,tgraves@wustl.edu,HG02735.m54329U_211204_121716.dc.q20.fastq.gz,1907854,37351669566,37.35,109,81176,19577,16339,18751,22072,16977,19733,23358,s3://human-pangenomics/working/HPRC/HG02735/raw_data/PacBio_HiFi/deepconsensus/v1pt2/HG02735.m54329U_211204_121716.dc.q20.fastq.gz,HPRC_DEEPCONSENSUS_v1pt2_2023_08_q20,unaligned reads,,12.05,
HG02735,SRR26545332,SRP305758,PRJNA701308,SAMN33758787,HG02735_SRE.HFSS_dc,PacBio HiFi sequencing of HG02735 rebasecalled with DeepConsensus v1.2,WGS,GENOMIC,size fractionation,single,PACBIO_SMRT,Sequel II,HiFi sequencing of 20kb fractionated gDNA,fastq,Megaruptor 1,SageELF,deepconsensus,1.2,P2,C2,Washington University,tgraves@wustl.edu,HG02735.m54329U_211209_115915.dc.q20.fastq.gz,1825458,35935850006,35.94,54,65741,19685,16409,18859,22220,17063,19859,23529,s3://human-pangenomics/working/HPRC/HG02735/raw_data/PacBio_HiFi/deepconsensus/v1pt2/HG02735.m54329U_211209_115915.dc.q20.fastq.gz,HPRC_DEEPCONSENSUS_v1pt2_2023_08_q20,unaligned reads,,11.59,
HG02735,SRR26545332,SRP305758,PRJNA701308,SAMN33758787,HG02735_SRE.HFSS_dc,PacBio HiFi sequencing of HG02735 rebasecalled with DeepConsensus v1.2,WGS,GENOMIC,size fractionation,single,PACBIO_SMRT,Sequel II,HiFi sequencing of 20kb fractionated gDNA,fastq,Megaruptor 1,SageELF,deepconsensus,1.2,P2,C2,Washington University,tgraves@wustl.edu,HG02735.m64076_211209_102926.dc.q20.fastq.gz,2082621,41100663518,41.1,60,59931,19735,16443,18920,22293,17107,19932,23590,s3://human-pangenomics/working/HPRC/HG02735/raw_data/PacBio_HiFi/deepconsensus/v1pt2/HG02735.m64076_211209_102926.dc.q20.fastq.gz,HPRC_DEEPCONSENSUS_v1pt2_2023_08_q20,unaligned reads,,13.26,
HG02738,SRR25618920,SRP305758,PRJNA701308,SAMN26267396,HG02738.HFSS_dc,PacBio HiFi sequencing of HG02738 rebasecalled with DeepConsensus v1.2,WGS,GENOMIC,size fractionation,single,PACBIO_SMRT,Sequel II,HiFi sequencing of 20kb fractionated gDNA,fastq,Megaruptor 3,PippinHT,deepconsensus,1.2,P2.2,C2,University of Washington,kmiyamot@uw.edu,HG02738.m64076_210706_214544.dc.q20.fastq.gz,1463695,27806786420,27.81,43,50150,18997,15892,18208,21413,16495,19146,22635,s3://human-pangenomics/working/HPRC/HG02738/raw_data/PacBio_HiFi/deepconsensus/v1pt2/HG02738.m64076_210706_214544.dc.q20.fastq.gz,HPRC_DEEPCONSENSUS_v1pt2,unaligned reads,,8.97,
HG02738,SRR25618920,SRP305758,PRJNA701308,SAMN26267396,HG02738.HFSS_dc,PacBio HiFi sequencing of HG02738 rebasecalled with DeepConsensus v1.2,WGS,GENOMIC,size fractionation,single,PACBIO_SMRT,Sequel II,HiFi sequencing of 20kb fractionated gDNA,fastq,Megaruptor 3,PippinHT,deepconsensus,1.2,P2.2,C2,University of Washington,kmiyamot@uw.edu,HG02738.m64076_210711_102225.dc.q20.fastq.gz,1699287,32307899811,32.31,90,50834,19012,15908,18229,21416,16517,19166,22639,s3://human-pangenomics/working/HPRC/HG02738/raw_data/PacBio_HiFi/deepconsensus/v1pt2/HG02738.m64076_210711_102225.dc.q20.fastq.gz,HPRC_DEEPCONSENSUS_v1pt2,unaligned reads,,10.42,
HG02738,SRR25618920,SRP305758,PRJNA701308,SAMN26267396,HG02738.HFSS_dc,PacBio HiFi sequencing of HG02738 rebasecalled with DeepConsensus v1.2,WGS,GENOMIC,size fractionation,single,PACBIO_SMRT,Sequel II,HiFi sequencing of 20kb fractionated gDNA,fastq,Megaruptor 3,PippinHT,deepconsensus,1.2,P2.2,C2,University of Washington,kmiyamot@uw.edu,HG02738.m64076_210714_200553.dc.q20.fastq.gz,1546877,29508308517,29.51,48,50586,19076,15937,18282,21516,16552,19236,22755,s3://human-pangenomics/working/HPRC/HG02738/raw_data/PacBio_HiFi/deepconsensus/v1pt2/HG02738.m64076_210714_200553.dc.q20.fastq.gz,HPRC_DEEPCONSENSUS_v1pt2,unaligned reads,,9.52,
HG02738,SRR25618920,SRP305758,PRJNA701308,SAMN26267396,HG02738.HFSS_dc,PacBio HiFi sequencing of HG02738 rebasecalled with DeepConsensus v1.2,WGS,GENOMIC,size fractionation,single,PACBIO_SMRT,Sequel II,HiFi sequencing of 20kb fractionated gDNA,fastq,Megaruptor 3,PippinHT,deepconsensus,1.2,P2.2,C2,University of Washington,kmiyamot@uw.edu,HG02738.m64076_210718_085619.dc.q20.fastq.gz,1639182,30895715798,30.9,47,50065,18848,15814,18070,21172,16401,18970,22379,s3://human-pangenomics/working/HPRC/HG02738/raw_data/PacBio_HiFi/deepconsensus/v1pt2/HG02738.m64076_210718_085619.dc.q20.fastq.gz,HPRC_DEEPCONSENSUS_v1pt2,unaligned reads,,9.97,
HG02809,SRR30729190,SRP305758,PRJNA701308,SAMN26237510,HG02809_lib1_dc_m64043_210723_184340,PacBio HiFi sequencing of HG02809 rebasecalled with DeepConsensus v1.2,WGS,GENOMIC,size fractionation,single,PACBIO_SMRT,Sequel II,HiFi sequencing of 20kb fractionated gDNA,fastq,Megaruptor 1,SageELF,deepconsensus,1.2,P2.2,C2,Washington University,tgraves@wustl.edu,HG02809.m64043_210723_184340.dc.q20.fastq.gz,1770399,36362918783,36.36,123,65146,20539,17010,19807,23078,17502,20862,24232,s3://human-pangenomics/working/HPRC/HG02809/raw_data/PacBio_HiFi/deepconsensus/v1pt2/HG02809.m64043_210723_184340.dc.q20.fastq.gz,HPRC_DEEPCONSENSUS_v1pt2_2024_02_q20_re-run,unaligned reads,bc1019 barcoded adapter,11.73,0.599778
HG02809,SRR30729192,SRP305758,PRJNA701308,SAMN26237510,HG02809_lib1_dc_m64043_210725_053930,PacBio HiFi sequencing of HG02809 rebasecalled with DeepConsensus v1.2,WGS,GENOMIC,size fractionation,single,PACBIO_SMRT,Sequel II,HiFi sequencing of 20kb fractionated gDNA,fastq,Megaruptor 1,SageELF,deepconsensus,1.2,P2.2,C2,Washington University,tgraves@wustl.edu,HG02809.m64043_210725_053930.dc.q20.fastq.gz,1575388,33961921887,33.96,79,71436,21557,17621,21015,24307,18399,22026,25531,s3://human-pangenomics/working/HPRC/HG02809/raw_data/PacBio_HiFi/deepconsensus/v1pt2/HG02809.m64043_210725_053930.dc.q20.fastq.gz,HPRC_DEEPCONSENSUS_v1pt2_2024_02_q20_re-run,unaligned reads,bc1019 barcoded adapter,10.95,0.568744
HG02809,SRR30729189,SRP305758,PRJNA701308,SAMN26237510,HG02809_lib1_dc_m64043_210726_163819,PacBio HiFi sequencing of HG02809 rebasecalled with DeepConsensus v1.2,WGS,GENOMIC,size fractionation,single,PACBIO_SMRT,Sequel II,HiFi sequencing of 20kb fractionated gDNA,fastq,Megaruptor 1,SageELF,deepconsensus,1.2,P2.2,C2,Washington University,tgraves@wustl.edu,HG02809.m64043_210726_163819.dc.q20.fastq.gz,1322575,28482876723,28.48,62,63608,21535,17627,21002,24271,18402,21999,25469,s3://human-pangenomics/working/HPRC/HG02809/raw_data/PacBio_HiFi/deepconsensus/v1pt2/HG02809.m64043_210726_163819.dc.q20.fastq.gz,HPRC_DEEPCONSENSUS_v1pt2_2024_02_q20_re-run,unaligned reads,bc1019 barcoded adapter,9.19,0.624595
HG02809,SRR30729191,SRP305758,PRJNA701308,SAMN26237510,HG02809_lib1_dc_m64043_210728_163353,PacBio HiFi sequencing of HG02809 rebasecalled with DeepConsensus v1.2,WGS,GENOMIC,size fractionation,single,PACBIO_SMRT,Sequel II,HiFi sequencing of 20kb fractionated gDNA,fastq,Megaruptor 1,SageELF,deepconsensus,1.2,P2.2,C2,Washington University,tgraves@wustl.edu,HG02809.m64043_210728_163353.dc.q20.fastq.gz,1710222,36315371851,36.32,287,72252,21234,17408,20653,23922,18057,21657,25130,s3://human-pangenomics/working/HPRC/HG02809/raw_data/PacBio_HiFi/deepconsensus/v1pt2/HG02809.m64043_210728_163353.dc.q20.fastq.gz,HPRC_DEEPCONSENSUS_v1pt2_2024_02_q20_re-run,unaligned reads,bc1019 barcoded adapter,11.72,0.587943
HG02841,SRR30729187,SRP305758,PRJNA701308,SAMN37797106,HG02841_PB1_dc_m54306Ue_220326_050928,PacBio HiFi sequencing of HG02841 rebasecalled with DeepConsensus v1.2,WGS,GENOMIC,size fractionation,single,PACBIO_SMRT,Sequel II,HiFi sequencing of 20kb fractionated gDNA,fastq,Megaruptor 3,Pippin HT,deepconsensus,1.2,P2,C2,Rockefeller University,vgl-lab@rockefeller.edu,HG02841.m54306Ue_220326_050928.dc.q20.fastq.gz,2161544,35123784870,35.12,199,58588,16249,13478,15543,18348,14069,16412,19511,s3://human-pangenomics/working/HPRC/HG02841/raw_data/PacBio_HiFi/deepconsensus/v1pt2/HG02841.m54306Ue_220326_050928.dc.q20.fastq.gz,HPRC_DEEPCONSENSUS_v1pt2_2024_02_q20_re-run,unaligned reads,,11.33,0.587511
HG02841,SRR30729188,SRP305758,PRJNA701308,SAMN37797106,HG02841_PB1_dc_m54306Ue_220327_160600,PacBio HiFi sequencing of HG02841 rebasecalled with DeepConsensus v1.2,WGS,GENOMIC,size fractionation,single,PACBIO_SMRT,Sequel II,HiFi sequencing of 20kb fractionated gDNA,fastq,Megaruptor 3,Pippin HT,deepconsensus,1.2,P2,C2,Rockefeller University,vgl-lab@rockefeller.edu,HG02841.m54306Ue_220327_160600.dc.q20.fastq.gz,2122189,34610279736,34.61,194,55584,16308,13452,15626,18525,14107,16560,19741,s3://human-pangenomics/working/HPRC/HG02841/raw_data/PacBio_HiFi/deepconsensus/v1pt2/HG02841.m54306Ue_220327_160600.dc.q20.fastq.gz,HPRC_DEEPCONSENSUS_v1pt2_2024_02_q20_re-run,unaligned reads,,11.16,0.577163
HG02841,SRR30729184,SRP305758,PRJNA701308,SAMN37797106,HG02841_PB1_dc_m64330e_220407_180519,PacBio HiFi sequencing of HG02841 rebasecalled with DeepConsensus v1.2,WGS,GENOMIC,size fractionation,single,PACBIO_SMRT,Sequel II,HiFi sequencing of 20kb fractionated gDNA,fastq,Megaruptor 3,Pippin HT,deepconsensus,1.2,P2,C2,Rockefeller University,vgl-lab@rockefeller.edu,HG02841.m64330e_220407_180519.dc.q20.fastq.gz,619649,10096657529,10.1,44,50471,16294,13441,15612,18509,14095,16546,19727,s3://human-pangenomics/working/HPRC/HG02841/raw_data/PacBio_HiFi/deepconsensus/v1pt2/HG02841.m64330e_220407_180519.dc.q20.fastq.gz,HPRC_DEEPCONSENSUS_v1pt2_2024_02_q20_re-run,unaligned reads,,3.26,0.672294
HG02841,SRR30729185,SRP305758,PRJNA701308,SAMN37797106,HG02841_PB1_dc_m64334e_220321_180258,PacBio HiFi sequencing of HG02841 rebasecalled with DeepConsensus v1.2,WGS,GENOMIC,size fractionation,single,PACBIO_SMRT,Sequel II,HiFi sequencing of 20kb fractionated gDNA,fastq,Megaruptor 3,Pippin HT,deepconsensus,1.2,P2,C2,Rockefeller University,vgl-lab@rockefeller.edu,HG02841.m64334e_220321_180258.dc.q20.fastq.gz,2233844,36276333221,36.28,175,53247,16239,13475,15545,18336,14065,16411,19489,s3://human-pangenomics/working/HPRC/HG02841/raw_data/PacBio_HiFi/deepconsensus/v1pt2/HG02841.m64334e_220321_180258.dc.q20.fastq.gz,HPRC_DEEPCONSENSUS_v1pt2_2024_02_q20_re-run,unaligned reads,,11.7,0.588063
HG02886,,SRP305758,PRJNA701308,SAMN17861667,HG02886_lib1_dc_m64043_200410_214826,PacBio HiFi sequencing of HG02886 rebasecalled with DeepConsensus v1.2,WGS,GENOMIC,size fractionation,single,PACBIO_SMRT,Sequel II,HiFi sequencing of 20kb fractionated gDNA,fastq,Megaruptor 1,SageELF,deepconsensus,1.2,,,Washington University,tgraves@wustl.edu,HG02886.m64043_200410_214826.dc.q20.fastq.gz,2328286,41460357024,41.46,13,50398,17807,15743,17081,19110,15994,17491,19893,s3://human-pangenomics/working/HPRC/HG02886/raw_data/PacBio_HiFi/deepconsensus/v1pt2/HG02886.m64043_200410_214826.dc.q20.fastq.gz,HPRC_DEEPCONSENSUS_v1pt2_2023_12_q20,unaligned reads,,13.37,0.56553
HG02886,,SRP305758,PRJNA701308,SAMN17861667,HG02886_lib1_dc_m64043_200412_040054,PacBio HiFi sequencing of HG02886 rebasecalled with DeepConsensus v1.2,WGS,GENOMIC,size fractionation,single,PACBIO_SMRT,Sequel II,HiFi sequencing of 20kb fractionated gDNA,fastq,Megaruptor 1,SageELF,deepconsensus,1.2,,,Washington University,tgraves@wustl.edu,HG02886.m64043_200412_040054.dc.q20.fastq.gz,2483721,44527736856,44.53,24,50949,17927,15811,17183,19269,16070,17611,20080,s3://human-pangenomics/working/HPRC/HG02886/raw_data/PacBio_HiFi/deepconsensus/v1pt2/HG02886.m64043_200412_040054.dc.q20.fastq.gz,HPRC_DEEPCONSENSUS_v1pt2_2023_12_q20,unaligned reads,,14.36,0.598793
HG02886,,SRP305758,PRJNA701308,SAMN17861667,HG02886_lib1_dc_m64043_200413_102554,PacBio HiFi sequencing of HG02886 rebasecalled with DeepConsensus v1.2,WGS,GENOMIC,size fractionation,single,PACBIO_SMRT,Sequel II,HiFi sequencing of 20kb fractionated gDNA,fastq,Megaruptor 1,SageELF,deepconsensus,1.2,,,Washington University,tgraves@wustl.edu,HG02886.m64043_200413_102554.dc.q20.fastq.gz,2235154,41142525837,41.14,43,51489,18407,16065,17587,19972,16366,18098,20958,s3://human-pangenomics/working/HPRC/HG02886/raw_data/PacBio_HiFi/deepconsensus/v1pt2/HG02886.m64043_200413_102554.dc.q20.fastq.gz,HPRC_DEEPCONSENSUS_v1pt2_2023_12_q20,unaligned reads,,13.27,0.566683
HG02886,,SRP305758,PRJNA701308,SAMN17861667,HG02886_lib1_dc_m64043_200414_165107,PacBio HiFi sequencing of HG02886 rebasecalled with DeepConsensus v1.2,WGS,GENOMIC,size fractionation,single,PACBIO_SMRT,Sequel II,HiFi sequencing of 20kb fractionated gDNA,fastq,Megaruptor 1,SageELF,deepconsensus,1.2,,,Washington University,tgraves@wustl.edu,HG02886.m64043_200414_165107.dc.q20.fastq.gz,2316720,41890173812,41.89,34,51252,18081,15891,17310,19486,16164,17762,20355,s3://human-pangenomics/working/HPRC/HG02886/raw_data/PacBio_HiFi/deepconsensus/v1pt2/HG02886.m64043_200414_165107.dc.q20.fastq.gz,HPRC_DEEPCONSENSUS_v1pt2_2023_12_q20,unaligned reads,,13.51,0.582879
HG02922,SRR26545331,SRP305758,PRJNA701308,SAMN33758788,PG02922.HFSS_dc,PacBio HiFi sequencing of HG02922 rebasecalled with DeepConsensus v1.2,WGS,GENOMIC,size fractionation,single,PACBIO_SMRT,Sequel II,HiFi sequencing of 20kb fractionated gDNA,fastq,Megaruptor 1,SageELF,deepconsensus,1.2,P2,C2,Washington University,tgraves@wustl.edu,HG02922.m54329U_220816_182601.dc.q20.fastq.gz,1243109,22686605933,22.69,177,53624,18249,15503,17530,20338,15993,18290,21372,s3://human-pangenomics/working/HPRC/HG02922/raw_data/PacBio_HiFi/deepconsensus/v1pt2/HG02922.m54329U_220816_182601.dc.q20.fastq.gz,HPRC_DEEPCONSENSUS_v1pt2_2023_08_q20,unaligned reads,,7.32,
HG02922,SRR26545331,SRP305758,PRJNA701308,SAMN33758788,PG02922.HFSS_dc,PacBio HiFi sequencing of HG02922 rebasecalled with DeepConsensus v1.2,WGS,GENOMIC,size fractionation,single,PACBIO_SMRT,Sequel II,HiFi sequencing of 20kb fractionated gDNA,fastq,Megaruptor 1,SageELF,deepconsensus,1.2,P2,C2,Washington University,tgraves@wustl.edu,HG02922.m54329U_220903_190900.dc.q20.fastq.gz,2300856,50853098058,50.85,94,79382,22101,17997,21224,25387,19019,22638,27067,s3://human-pangenomics/working/HPRC/HG02922/raw_data/PacBio_HiFi/deepconsensus/v1pt2/HG02922.m54329U_220903_190900.dc.q20.fastq.gz,HPRC_DEEPCONSENSUS_v1pt2_2023_08_q20,unaligned reads,,16.4,
HG02922,SRR26545331,SRP305758,PRJNA701308,SAMN33758788,PG02922.HFSS_dc,PacBio HiFi sequencing of HG02922 rebasecalled with DeepConsensus v1.2,WGS,GENOMIC,size fractionation,single,PACBIO_SMRT,Sequel II,HiFi sequencing of 20kb fractionated gDNA,fastq,Megaruptor 1,SageELF,deepconsensus,1.2,P2,C2,Washington University,tgraves@wustl.edu,HG02922.m54329U_220905_144015.dc.q20.fastq.gz,2375491,52662515153,52.66,106,70046,22169,18053,21313,25468,19088,22733,27136,s3://human-pangenomics/working/HPRC/HG02922/raw_data/PacBio_HiFi/deepconsensus/v1pt2/HG02922.m54329U_220905_144015.dc.q20.fastq.gz,HPRC_DEEPCONSENSUS_v1pt2_2023_08_q20,unaligned reads,,16.99,
HG02922,SRR26545331,SRP305758,PRJNA701308,SAMN33758788,PG02922.HFSS_dc,PacBio HiFi sequencing of HG02922 rebasecalled with DeepConsensus v1.2,WGS,GENOMIC,size fractionation,single,PACBIO_SMRT,Sequel II,HiFi sequencing of 20kb fractionated gDNA,fastq,Megaruptor 1,SageELF,deepconsensus,1.2,P2,C2,Washington University,tgraves@wustl.edu,HG02922.m54329U_220907_100858.dc.q20.fastq.gz,2318045,51413282571,51.41,62,79336,22179,18063,21326,25482,19097,22742,27144,s3://human-pangenomics/working/HPRC/HG02922/raw_data/PacBio_HiFi/deepconsensus/v1pt2/HG02922.m54329U_220907_100858.dc.q20.fastq.gz,HPRC_DEEPCONSENSUS_v1pt2_2023_08_q20,unaligned reads,,16.58,
HG02965,SRR26545330,SRP305758,PRJNA701308,SAMN33621954,HG02965_lib1_dc,PacBio HiFi sequencing of HG02965 rebasecalled with DeepConsensus v1.2,WGS,GENOMIC,size fractionation,single,PACBIO_SMRT,Sequel II,HiFi sequencing of 20kb fractionated gDNA,fastq,Megaruptor 1,SageELF,deepconsensus,1.2,P2,C2,Washington University,tgraves@wustl.edu,HG02965.m64043_220715_182700.dc.q20.fastq.gz,1847158,38863922809,38.86,98,69454,21039,17790,19721,23220,18230,20581,25009,s3://human-pangenomics/working/HPRC/HG02965/raw_data/PacBio_HiFi/deepconsensus/v1pt2/HG02965.m64043_220715_182700.dc.q20.fastq.gz,HPRC_DEEPCONSENSUS_v1pt2_2023_08_q20,unaligned reads,,12.54,
HG02965,SRR26545330,SRP305758,PRJNA701308,SAMN33621954,HG02965_lib1_dc,PacBio HiFi sequencing of HG02965 rebasecalled with DeepConsensus v1.2,WGS,GENOMIC,size fractionation,single,PACBIO_SMRT,Sequel II,HiFi sequencing of 20kb fractionated gDNA,fastq,Megaruptor 1,SageELF,deepconsensus,1.2,P2,C2,Washington University,tgraves@wustl.edu,HG02965.m64043_220717_152237.dc.q20.fastq.gz,2243056,46683138443,46.68,68,66908,20812,17707,19550,22811,18112,20332,24504,s3://human-pangenomics/working/HPRC/HG02965/raw_data/PacBio_HiFi/deepconsensus/v1pt2/HG02965.m64043_220717_152237.dc.q20.fastq.gz,HPRC_DEEPCONSENSUS_v1pt2_2023_08_q20,unaligned reads,,15.06,
HG02965,SRR26545330,SRP305758,PRJNA701308,SAMN33621954,HG02965_lib1_dc,PacBio HiFi sequencing of HG02965 rebasecalled with DeepConsensus v1.2,WGS,GENOMIC,size fractionation,single,PACBIO_SMRT,Sequel II,HiFi sequencing of 20kb fractionated gDNA,fastq,Megaruptor 1,SageELF,deepconsensus,1.2,P2,C2,Washington University,tgraves@wustl.edu,HG02965.m64043_220719_122051.dc.q20.fastq.gz,2268061,47372964069,47.37,214,68079,20886,17739,19602,22926,18154,20401,24644,s3://human-pangenomics/working/HPRC/HG02965/raw_data/PacBio_HiFi/deepconsensus/v1pt2/HG02965.m64043_220719_122051.dc.q20.fastq.gz,HPRC_DEEPCONSENSUS_v1pt2_2023_08_q20,unaligned reads,,15.28,
HG02976,SRR26545329,SRP305758,PRJNA701308,SAMN33621955,HG02976_lib1_dc,PacBio HiFi sequencing of HG02976 rebasecalled with DeepConsensus v1.2,WGS,GENOMIC,size fractionation,single,PACBIO_SMRT,Sequel II,HiFi sequencing of 20kb fractionated gDNA,fastq,Megaruptor 1,SageELF,deepconsensus,1.2,P2,C2,Washington University,tgraves@wustl.edu,HG02976.m64043_220617_195135.dc.q20.fastq.gz,1935736,38792124643,38.79,471,62051,20039,18082,19607,21531,18359,19964,22026,s3://human-pangenomics/working/HPRC/HG02976/raw_data/PacBio_HiFi/deepconsensus/v1pt2/HG02976.m64043_220617_195135.dc.q20.fastq.gz,HPRC_DEEPCONSENSUS_v1pt2_2023_08_q20,unaligned reads,,12.51,
HG02976,SRR26545329,SRP305758,PRJNA701308,SAMN33621955,HG02976_lib1_dc,PacBio HiFi sequencing of HG02976 rebasecalled with DeepConsensus v1.2,WGS,GENOMIC,size fractionation,single,PACBIO_SMRT,Sequel II,HiFi sequencing of 20kb fractionated gDNA,fastq,Megaruptor 1,SageELF,deepconsensus,1.2,P2,C2,Washington University,tgraves@wustl.edu,HG02976.m64043_220619_164635.dc.q20.fastq.gz,2058252,41124467587,41.12,634,69184,19980,18051,19562,21464,18324,19913,21949,s3://human-pangenomics/working/HPRC/HG02976/raw_data/PacBio_HiFi/deepconsensus/v1pt2/HG02976.m64043_220619_164635.dc.q20.fastq.gz,HPRC_DEEPCONSENSUS_v1pt2_2023_08_q20,unaligned reads,,13.27,
HG02976,SRR26545329,SRP305758,PRJNA701308,SAMN33621955,HG02976_lib1_dc,PacBio HiFi sequencing of HG02976 rebasecalled with DeepConsensus v1.2,WGS,GENOMIC,size fractionation,single,PACBIO_SMRT,Sequel II,HiFi sequencing of 20kb fractionated gDNA,fastq,Megaruptor 1,SageELF,deepconsensus,1.2,P2,C2,Washington University,tgraves@wustl.edu,HG02976.m64043_220621_134351.dc.q20.fastq.gz,1407070,28110128830,28.11,214,63493,19977,18045,19557,21461,18319,19907,21946,s3://human-pangenomics/working/HPRC/HG02976/raw_data/PacBio_HiFi/deepconsensus/v1pt2/HG02976.m64043_220621_134351.dc.q20.fastq.gz,HPRC_DEEPCONSENSUS_v1pt2_2023_08_q20,unaligned reads,,9.07,
HG02976,SRR26545329,SRP305758,PRJNA701308,SAMN33621955,HG02976_lib1_dc,PacBio HiFi sequencing of HG02976 rebasecalled with DeepConsensus v1.2,WGS,GENOMIC,size fractionation,single,PACBIO_SMRT,Sequel II,HiFi sequencing of 20kb fractionated gDNA,fastq,Megaruptor 1,SageELF,deepconsensus,1.2,P2,C2,Washington University,tgraves@wustl.edu,HG02976.m64043_220726_203720.dc.q20.fastq.gz,837705,16699847865,16.7,207,57493,19935,18020,19519,21402,18290,19866,21878,s3://human-pangenomics/working/HPRC/HG02976/raw_data/PacBio_HiFi/deepconsensus/v1pt2/HG02976.m64043_220726_203720.dc.q20.fastq.gz,HPRC_DEEPCONSENSUS_v1pt2_2023_08_q20,unaligned reads,,5.39,
HG02984,SRR30729181,SRP305758,PRJNA701308,SAMN37797107,HG02984_PB1_dc_m54306Ue_220223_194148,PacBio HiFi sequencing of HG02984 rebasecalled with DeepConsensus v1.2,WGS,GENOMIC,size fractionation,single,PACBIO_SMRT,Sequel II,HiFi sequencing of 20kb fractionated gDNA,fastq,Megaruptor 3,Pippin HT,deepconsensus,1.2,P2,C2,Rockefeller University,vgl-lab@rockefeller.edu,HG02984.m54306Ue_220223_194148.dc.q20.fastq.gz,1141634,24325128265,24.33,516,77398,21307,17606,20212,23893,18296,21343,25476,s3://human-pangenomics/working/HPRC/HG02984/raw_data/PacBio_HiFi/deepconsensus/v1pt2/HG02984.m54306Ue_220223_194148.dc.q20.fastq.gz,HPRC_DEEPCONSENSUS_v1pt2_2024_02_q20_re-run,unaligned reads,,7.85,0.614459
HG02984,SRR30729183,SRP305758,PRJNA701308,SAMN37797107,HG02984_PB1_dc_m64330e_220403_050826,PacBio HiFi sequencing of HG02984 rebasecalled with DeepConsensus v1.2,WGS,GENOMIC,size fractionation,single,PACBIO_SMRT,Sequel II,HiFi sequencing of 20kb fractionated gDNA,fastq,Megaruptor 3,Pippin HT,deepconsensus,1.2,P2,C2,Rockefeller University,vgl-lab@rockefeller.edu,HG02984.m64330e_220403_050826.dc.q20.fastq.gz,1848021,29583120765,29.58,57,49275,16008,13408,15363,17989,13956,16144,19056,s3://human-pangenomics/working/HPRC/HG02984/raw_data/PacBio_HiFi/deepconsensus/v1pt2/HG02984.m64330e_220403_050826.dc.q20.fastq.gz,HPRC_DEEPCONSENSUS_v1pt2_2024_02_q20_re-run,unaligned reads,,9.54,0.548111
HG02984,SRR30729180,SRP305758,PRJNA701308,SAMN37797107,HG02984_PB1_dc_m64334e_220421_053305,PacBio HiFi sequencing of HG02984 rebasecalled with DeepConsensus v1.2,WGS,GENOMIC,size fractionation,single,PACBIO_SMRT,Sequel II,HiFi sequencing of 20kb fractionated gDNA,fastq,Megaruptor 3,Pippin HT,deepconsensus,1.2,P2,C2,Rockefeller University,vgl-lab@rockefeller.edu,HG02984.m64334e_220421_053305.dc.q20.fastq.gz,1493162,24967586893,24.97,152,81354,16721,13248,16048,19470,14380,17414,21151,s3://human-pangenomics/working/HPRC/HG02984/raw_data/PacBio_HiFi/deepconsensus/v1pt2/HG02984.m64334e_220421_053305.dc.q20.fastq.gz,HPRC_DEEPCONSENSUS_v1pt2_2024_02_q20_re-run,unaligned reads,,8.05,0.619422
HG02984,SRR30729182,SRP305758,PRJNA701308,SAMN37797107,HG02984_PB1_dc_m64334e_220428_054535,PacBio HiFi sequencing of HG02984 rebasecalled with DeepConsensus v1.2,WGS,GENOMIC,size fractionation,single,PACBIO_SMRT,Sequel II,HiFi sequencing of 20kb fractionated gDNA,fastq,Megaruptor 3,Pippin HT,deepconsensus,1.2,P2,C2,Rockefeller University,vgl-lab@rockefeller.edu,HG02984.m64334e_220428_054535.dc.q20.fastq.gz,1326071,22110816549,22.11,85,62083,16673,13693,15973,18990,14422,16982,20319,s3://human-pangenomics/working/HPRC/HG02984/raw_data/PacBio_HiFi/deepconsensus/v1pt2/HG02984.m64334e_220428_054535.dc.q20.fastq.gz,HPRC_DEEPCONSENSUS_v1pt2_2024_02_q20_re-run,unaligned reads,,7.13,0.584189
HG03017,SRR26545328,SRP305758,PRJNA701308,SAMN33758789,HG03017.HFSS_dc,PacBio HiFi sequencing of HG03017 rebasecalled with DeepConsensus v1.2,WGS,GENOMIC,size fractionation,single,PACBIO_SMRT,Sequel II,HiFi sequencing of 20kb fractionated gDNA,fastq,Megaruptor 1,SageELF,deepconsensus,1.2,P2,C2,Washington University,tgraves@wustl.edu,HG03017.m54329U_211225_070909.dc.q20.fastq.gz,2110857,41376262119,41.38,321,68758,19601,15489,18704,22864,16693,20345,24860,s3://human-pangenomics/working/HPRC/HG03017/raw_data/PacBio_HiFi/deepconsensus/v1pt2/HG03017.m54329U_211225_070909.dc.q20.fastq.gz,HPRC_DEEPCONSENSUS_v1pt2_2023_08_q20,unaligned reads,,13.35,
HG03017,SRR26545328,SRP305758,PRJNA701308,SAMN33758789,HG03017.HFSS_dc,PacBio HiFi sequencing of HG03017 rebasecalled with DeepConsensus v1.2,WGS,GENOMIC,size fractionation,single,PACBIO_SMRT,Sequel II,HiFi sequencing of 20kb fractionated gDNA,fastq,Megaruptor 1,SageELF,deepconsensus,1.2,P2,C2,Washington University,tgraves@wustl.edu,HG03017.m54329U_220109_103416.dc.q20.fastq.gz,1806558,36331570532,36.33,502,61843,20110,15801,19189,23539,17072,20922,25581,s3://human-pangenomics/working/HPRC/HG03017/raw_data/PacBio_HiFi/deepconsensus/v1pt2/HG03017.m54329U_220109_103416.dc.q20.fastq.gz,HPRC_DEEPCONSENSUS_v1pt2_2023_08_q20,unaligned reads,,11.72,
HG03017,SRR26545328,SRP305758,PRJNA701308,SAMN33758789,HG03017.HFSS_dc,PacBio HiFi sequencing of HG03017 rebasecalled with DeepConsensus v1.2,WGS,GENOMIC,size fractionation,single,PACBIO_SMRT,Sequel II,HiFi sequencing of 20kb fractionated gDNA,fastq,Megaruptor 1,SageELF,deepconsensus,1.2,P2,C2,Washington University,tgraves@wustl.edu,HG03017.m54329U_220117_123334.dc.q20.fastq.gz,1689695,33944353640,33.94,497,67584,20089,15784,19179,23513,17061,20909,25532,s3://human-pangenomics/working/HPRC/HG03017/raw_data/PacBio_HiFi/deepconsensus/v1pt2/HG03017.m54329U_220117_123334.dc.q20.fastq.gz,HPRC_DEEPCONSENSUS_v1pt2_2023_08_q20,unaligned reads,,10.95,
HG03017,SRR26545328,SRP305758,PRJNA701308,SAMN33758789,HG03017.HFSS_dc,PacBio HiFi sequencing of HG03017 rebasecalled with DeepConsensus v1.2,WGS,GENOMIC,size fractionation,single,PACBIO_SMRT,Sequel II,HiFi sequencing of 20kb fractionated gDNA,fastq,Megaruptor 1,SageELF,deepconsensus,1.2,P2,C2,Washington University,tgraves@wustl.edu,HG03017.m64076_220216_013707.dc.q20.fastq.gz,490160,9669883547,9.67,363,67208,19728,15571,18842,23033,16791,20513,25020,s3://human-pangenomics/working/HPRC/HG03017/raw_data/PacBio_HiFi/deepconsensus/v1pt2/HG03017.m64076_220216_013707.dc.q20.fastq.gz,HPRC_DEEPCONSENSUS_v1pt2_2023_08_q20,unaligned reads,,3.12,
HG03017,SRR26545328,SRP305758,PRJNA701308,SAMN33758789,HG03017.HFSS_dc,PacBio HiFi sequencing of HG03017 rebasecalled with DeepConsensus v1.2,WGS,GENOMIC,size fractionation,single,PACBIO_SMRT,Sequel II,HiFi sequencing of 20kb fractionated gDNA,fastq,Megaruptor 1,SageELF,deepconsensus,1.2,P2,C2,Washington University,tgraves@wustl.edu,HG03017.m64076_221001_041132.dc.q20.fastq.gz,811437,17181739490,17.18,398,75864,21174,16931,20457,24597,18227,22011,26361,s3://human-pangenomics/working/HPRC/HG03017/raw_data/PacBio_HiFi/deepconsensus/v1pt2/HG03017.m64076_221001_041132.dc.q20.fastq.gz,HPRC_DEEPCONSENSUS_v1pt2_2023_08_q20,unaligned reads,,5.54,
HG03041,SRR26545327,SRP305758,PRJNA701308,SAMN33758790,HG03041.HFSS_dc,PacBio HiFi sequencing of HG03041 rebasecalled with DeepConsensus v1.2,WGS,GENOMIC,size fractionation,single,PACBIO_SMRT,Sequel II,HiFi sequencing of 20kb fractionated gDNA,fastq,Megaruptor 1,SageELF,deepconsensus,1.2,P2,C2,Washington University,tgraves@wustl.edu,HG03041.m54329U_211214_012740.dc.q20.fastq.gz,2319689,44900731287,44.9,351,70885,19356,15860,18511,22051,16646,19670,23521,s3://human-pangenomics/working/HPRC/HG03041/raw_data/PacBio_HiFi/deepconsensus/v1pt2/HG03041.m54329U_211214_012740.dc.q20.fastq.gz,HPRC_DEEPCONSENSUS_v1pt2_2023_08_q20,unaligned reads,,14.48,
HG03041,SRR26545327,SRP305758,PRJNA701308,SAMN33758790,HG03041.HFSS_dc,PacBio HiFi sequencing of HG03041 rebasecalled with DeepConsensus v1.2,WGS,GENOMIC,size fractionation,single,PACBIO_SMRT,Sequel II,HiFi sequencing of 20kb fractionated gDNA,fastq,Megaruptor 1,SageELF,deepconsensus,1.2,P2,C2,Washington University,tgraves@wustl.edu,HG03041.m54329U_211215_225017.dc.q20.fastq.gz,2213796,43166262097,43.17,254,64920,19498,15959,18664,22242,16767,19836,23713,s3://human-pangenomics/working/HPRC/HG03041/raw_data/PacBio_HiFi/deepconsensus/v1pt2/HG03041.m54329U_211215_225017.dc.q20.fastq.gz,HPRC_DEEPCONSENSUS_v1pt2_2023_08_q20,unaligned reads,,13.92,
HG03041,SRR26545327,SRP305758,PRJNA701308,SAMN33758790,HG03041.HFSS_dc,PacBio HiFi sequencing of HG03041 rebasecalled with DeepConsensus v1.2,WGS,GENOMIC,size fractionation,single,PACBIO_SMRT,Sequel II,HiFi sequencing of 20kb fractionated gDNA,fastq,Megaruptor 1,SageELF,deepconsensus,1.2,P2,C2,Washington University,tgraves@wustl.edu,HG03041.m54329U_211217_080751.dc.q20.fastq.gz,2272419,44098173911,44.1,198,59152,19405,15891,18557,22115,16683,19719,23595,s3://human-pangenomics/working/HPRC/HG03041/raw_data/PacBio_HiFi/deepconsensus/v1pt2/HG03041.m54329U_211217_080751.dc.q20.fastq.gz,HPRC_DEEPCONSENSUS_v1pt2_2023_08_q20,unaligned reads,,14.23,
HG03050,SRR30729179,SRP305758,PRJNA701308,SAMN37797108,HG03050_PB1_dc_m64330e_220223_194839,PacBio HiFi sequencing of HG03050 rebasecalled with DeepConsensus v1.2,WGS,GENOMIC,size fractionation,single,PACBIO_SMRT,Sequel II,HiFi sequencing of 20kb fractionated gDNA,fastq,Megaruptor 3,Pippin HT,deepconsensus,1.2,P2,C2,Rockefeller University,vgl-lab@rockefeller.edu,HG03050.m64330e_220223_194839.dc.q20.fastq.gz,2025817,39566809232,39.57,73,62563,19531,16963,18849,21490,17386,19485,22397,s3://human-pangenomics/working/HPRC/HG03050/raw_data/PacBio_HiFi/deepconsensus/v1pt2/HG03050.m64330e_220223_194839.dc.q20.fastq.gz,HPRC_DEEPCONSENSUS_v1pt2_2024_02_q20_re-run,unaligned reads,,12.76,0.568865
HG03050,SRR30729178,SRP305758,PRJNA701308,SAMN37797108,HG03050_PB1_dc_m64330e_220227_061615,PacBio HiFi sequencing of HG03050 rebasecalled with DeepConsensus v1.2,WGS,GENOMIC,size fractionation,single,PACBIO_SMRT,Sequel II,HiFi sequencing of 20kb fractionated gDNA,fastq,Megaruptor 3,Pippin HT,deepconsensus,1.2,P2,C2,Rockefeller University,vgl-lab@rockefeller.edu,HG03050.m64330e_220227_061615.dc.q20.fastq.gz,1800087,34246777876,34.25,161,57659,19025,16372,18398,21053,16860,19078,21973,s3://human-pangenomics/working/HPRC/HG03050/raw_data/PacBio_HiFi/deepconsensus/v1pt2/HG03050.m64330e_220227_061615.dc.q20.fastq.gz,HPRC_DEEPCONSENSUS_v1pt2_2024_02_q20_re-run,unaligned reads,,11.05,0.617033
HG03130,SRR26545326,SRP305758,PRJNA701308,SAMN33758791,HG03130.HFSS_dc,PacBio HiFi sequencing of HG03130 rebasecalled with DeepConsensus v1.2,WGS,GENOMIC,size fractionation,single,PACBIO_SMRT,Sequel II,HiFi sequencing of 20kb fractionated gDNA,fastq,Megaruptor 1,SageELF,deepconsensus,1.2,P2,C2,Washington University,tgraves@wustl.edu,HG03130.m64076_220513_215716.dc.q20.fastq.gz,2354099,46104697209,46.1,63,60703,19584,16095,18774,22299,16875,19909,23693,s3://human-pangenomics/working/HPRC/HG03130/raw_data/PacBio_HiFi/deepconsensus/v1pt2/HG03130.m64076_220513_215716.dc.q20.fastq.gz,HPRC_DEEPCONSENSUS_v1pt2_2023_08_q20,unaligned reads,,14.87,
HG03130,SRR26545326,SRP305758,PRJNA701308,SAMN33758791,HG03130.HFSS_dc,PacBio HiFi sequencing of HG03130 rebasecalled with DeepConsensus v1.2,WGS,GENOMIC,size fractionation,single,PACBIO_SMRT,Sequel II,HiFi sequencing of 20kb fractionated gDNA,fastq,Megaruptor 1,SageELF,deepconsensus,1.2,P2,C2,Washington University,tgraves@wustl.edu,HG03130.m64076_220516_221911.dc.q20.fastq.gz,2367798,46597144395,46.6,124,63752,19679,16195,18890,22402,16980,20014,23780,s3://human-pangenomics/working/HPRC/HG03130/raw_data/PacBio_HiFi/deepconsensus/v1pt2/HG03130.m64076_220516_221911.dc.q20.fastq.gz,HPRC_DEEPCONSENSUS_v1pt2_2023_08_q20,unaligned reads,,15.03,
HG03130,SRR26545326,SRP305758,PRJNA701308,SAMN33758791,HG03130.HFSS_dc,PacBio HiFi sequencing of HG03130 rebasecalled with DeepConsensus v1.2,WGS,GENOMIC,size fractionation,single,PACBIO_SMRT,Sequel II,HiFi sequencing of 20kb fractionated gDNA,fastq,Megaruptor 1,SageELF,deepconsensus,1.2,P2,C2,Washington University,tgraves@wustl.edu,HG03130.m64076_220518_191414.dc.q20.fastq.gz,2363321,46730487013,46.73,78,63755,19773,16256,18989,22531,17060,20133,23920,s3://human-pangenomics/working/HPRC/HG03130/raw_data/PacBio_HiFi/deepconsensus/v1pt2/HG03130.m64076_220518_191414.dc.q20.fastq.gz,HPRC_DEEPCONSENSUS_v1pt2_2023_08_q20,unaligned reads,,15.07,
HG03139,SRR26545325,SRP305758,PRJNA701308,SAMN33758792,HG03139.HFSS_dc,PacBio HiFi sequencing of HG03139 rebasecalled with DeepConsensus v1.2,WGS,GENOMIC,size fractionation,single,PACBIO_SMRT,Sequel II,HiFi sequencing of 20kb fractionated gDNA,fastq,Megaruptor 1,SageELF,deepconsensus,1.2,P2,C2,Washington University,tgraves@wustl.edu,HG03139.m54329U_220519_225150.dc.q20.fastq.gz,2240511,47864327154,47.86,165,69097,21363,17402,20479,24480,18354,21822,26099,s3://human-pangenomics/working/HPRC/HG03139/raw_data/PacBio_HiFi/deepconsensus/v1pt2/HG03139.m54329U_220519_225150.dc.q20.fastq.gz,HPRC_DEEPCONSENSUS_v1pt2_2023_08_q20,unaligned reads,,15.44,
HG03139,SRR26545325,SRP305758,PRJNA701308,SAMN33758792,HG03139.HFSS_dc,PacBio HiFi sequencing of HG03139 rebasecalled with DeepConsensus v1.2,WGS,GENOMIC,size fractionation,single,PACBIO_SMRT,Sequel II,HiFi sequencing of 20kb fractionated gDNA,fastq,Megaruptor 1,SageELF,deepconsensus,1.2,P2,C2,Washington University,tgraves@wustl.edu,HG03139.m54329U_220523_155616.dc.q20.fastq.gz,2434546,52553906159,52.55,111,73240,21586,17571,20733,24777,18562,22108,26385,s3://human-pangenomics/working/HPRC/HG03139/raw_data/PacBio_HiFi/deepconsensus/v1pt2/HG03139.m54329U_220523_155616.dc.q20.fastq.gz,HPRC_DEEPCONSENSUS_v1pt2_2023_08_q20,unaligned reads,,16.95,
HG03139,SRR26545325,SRP305758,PRJNA701308,SAMN33758792,HG03139.HFSS_dc,PacBio HiFi sequencing of HG03139 rebasecalled with DeepConsensus v1.2,WGS,GENOMIC,size fractionation,single,PACBIO_SMRT,Sequel II,HiFi sequencing of 20kb fractionated gDNA,fastq,Megaruptor 1,SageELF,deepconsensus,1.2,P2,C2,Washington University,tgraves@wustl.edu,HG03139.m54329U_220525_111437.dc.q20.fastq.gz,2383395,51390716180,51.39,1,82601,21561,17553,20712,24749,18543,22080,26347,s3://human-pangenomics/working/HPRC/HG03139/raw_data/PacBio_HiFi/deepconsensus/v1pt2/HG03139.m54329U_220525_111437.dc.q20.fastq.gz,HPRC_DEEPCONSENSUS_v1pt2_2023_08_q20,unaligned reads,,16.58,
HG03195,SRR26545323,SRP305758,PRJNA701308,SAMN33621956,HG03195_lib1_dc,PacBio HiFi sequencing of HG03195 rebasecalled with DeepConsensus v1.2,WGS,GENOMIC,size fractionation,single,PACBIO_SMRT,Sequel II,HiFi sequencing of 20kb fractionated gDNA,fastq,Megaruptor 1,SageELF,deepconsensus,1.2,P2,C2,Washington University,tgraves@wustl.edu,HG03195.m64043_220726_203720.dc.q20.fastq.gz,132583,3165970127,3.17,896,57539,23879,21130,23231,26031,21569,23831,26876,s3://human-pangenomics/working/HPRC/HG03195/raw_data/PacBio_HiFi/deepconsensus/v1pt2/HG03195.m64043_220726_203720.dc.q20.fastq.gz,HPRC_DEEPCONSENSUS_v1pt2_2023_08_q20,unaligned reads,,1.02,
HG03195,SRR26545323,SRP305758,PRJNA701308,SAMN33621956,HG03195_lib1_dc,PacBio HiFi sequencing of HG03195 rebasecalled with DeepConsensus v1.2,WGS,GENOMIC,size fractionation,single,PACBIO_SMRT,Sequel II,HiFi sequencing of 20kb fractionated gDNA,fastq,Megaruptor 1,SageELF,deepconsensus,1.2,P2,C2,Washington University,tgraves@wustl.edu,HG03195.m64136_220617_195203.dc.q20.fastq.gz,2053775,42653820245,42.65,80,68832,20768,17496,19570,23249,17945,20614,24524,s3://human-pangenomics/working/HPRC/HG03195/raw_data/PacBio_HiFi/deepconsensus/v1pt2/HG03195.m64136_220617_195203.dc.q20.fastq.gz,HPRC_DEEPCONSENSUS_v1pt2_2023_08_q20,unaligned reads,,13.76,
HG03195,SRR26545323,SRP305758,PRJNA701308,SAMN33621956,HG03195_lib1_dc,PacBio HiFi sequencing of HG03195 rebasecalled with DeepConsensus v1.2,WGS,GENOMIC,size fractionation,single,PACBIO_SMRT,Sequel II,HiFi sequencing of 20kb fractionated gDNA,fastq,Megaruptor 1,SageELF,deepconsensus,1.2,P2,C2,Washington University,tgraves@wustl.edu,HG03195.m64136_220619_164654.dc.q20.fastq.gz,1929937,39969011098,39.97,51,64377,20710,17478,19520,23158,17918,20538,24414,s3://human-pangenomics/working/HPRC/HG03195/raw_data/PacBio_HiFi/deepconsensus/v1pt2/HG03195.m64136_220619_164654.dc.q20.fastq.gz,HPRC_DEEPCONSENSUS_v1pt2_2023_08_q20,unaligned reads,,12.89,
HG03195,SRR26545323,SRP305758,PRJNA701308,SAMN33621956,HG03195_lib1_dc,PacBio HiFi sequencing of HG03195 rebasecalled with DeepConsensus v1.2,WGS,GENOMIC,size fractionation,single,PACBIO_SMRT,Sequel II,HiFi sequencing of 20kb fractionated gDNA,fastq,Megaruptor 1,SageELF,deepconsensus,1.2,P2,C2,Washington University,tgraves@wustl.edu,HG03195.m64136_220621_134558.dc.q20.fastq.gz,1789777,37451919420,37.45,94,69709,20925,17605,19766,23449,18071,20856,24697,s3://human-pangenomics/working/HPRC/HG03195/raw_data/PacBio_HiFi/deepconsensus/v1pt2/HG03195.m64136_220621_134558.dc.q20.fastq.gz,HPRC_DEEPCONSENSUS_v1pt2_2023_08_q20,unaligned reads,,12.08,
HG03209,SRR26545322,SRP305758,PRJNA701308,SAMN33758793,HG03209.HFSS_dc,PacBio HiFi sequencing of HG03209 rebasecalled with DeepConsensus v1.2,WGS,GENOMIC,size fractionation,single,PACBIO_SMRT,Sequel II,HiFi sequencing of 20kb fractionated gDNA,fastq,Megaruptor 1,SageELF,deepconsensus,1.2,P2,C2,Washington University,tgraves@wustl.edu,HG03209.m64076_220520_234906.dc.q20.fastq.gz,2561922,48135688091,48.14,234,75246,18788,15845,18066,21122,16398,18922,22221,s3://human-pangenomics/working/HPRC/HG03209/raw_data/PacBio_HiFi/deepconsensus/v1pt2/HG03209.m64076_220520_234906.dc.q20.fastq.gz,HPRC_DEEPCONSENSUS_v1pt2_2023_08_q20,unaligned reads,,15.53,
HG03209,SRR26545322,SRP305758,PRJNA701308,SAMN33758793,HG03209.HFSS_dc,PacBio HiFi sequencing of HG03209 rebasecalled with DeepConsensus v1.2,WGS,GENOMIC,size fractionation,single,PACBIO_SMRT,Sequel II,HiFi sequencing of 20kb fractionated gDNA,fastq,Megaruptor 1,SageELF,deepconsensus,1.2,P2,C2,Washington University,tgraves@wustl.edu,HG03209.m64076_220524_161808.dc.q20.fastq.gz,2463835,46147554036,46.15,111,66291,18729,15806,18002,21042,16349,18849,22134,s3://human-pangenomics/working/HPRC/HG03209/raw_data/PacBio_HiFi/deepconsensus/v1pt2/HG03209.m64076_220524_161808.dc.q20.fastq.gz,HPRC_DEEPCONSENSUS_v1pt2_2023_08_q20,unaligned reads,,14.89,
HG03209,SRR26545322,SRP305758,PRJNA701308,SAMN33758793,HG03209.HFSS_dc,PacBio HiFi sequencing of HG03209 rebasecalled with DeepConsensus v1.2,WGS,GENOMIC,size fractionation,single,PACBIO_SMRT,Sequel II,HiFi sequencing of 20kb fractionated gDNA,fastq,Megaruptor 1,SageELF,deepconsensus,1.2,P2,C2,Washington University,tgraves@wustl.edu,HG03209.m64076_220526_115049.dc.q20.fastq.gz,1661495,30608231679,30.61,404,55651,18422,15627,17694,20594,16120,18479,21643,s3://human-pangenomics/working/HPRC/HG03209/raw_data/PacBio_HiFi/deepconsensus/v1pt2/HG03209.m64076_220526_115049.dc.q20.fastq.gz,HPRC_DEEPCONSENSUS_v1pt2_2023_08_q20,unaligned reads,,9.87,
HG03209,SRR26545322,SRP305758,PRJNA701308,SAMN33758793,HG03209.HFSS_dc,PacBio HiFi sequencing of HG03209 rebasecalled with DeepConsensus v1.2,WGS,GENOMIC,size fractionation,single,PACBIO_SMRT,Sequel II,HiFi sequencing of 20kb fractionated gDNA,fastq,Megaruptor 1,SageELF,deepconsensus,1.2,P2,C2,Washington University,tgraves@wustl.edu,HG03209.m64076_221001_041132.dc.q20.fastq.gz,814679,15733637619,15.73,187,56120,19312,16296,18693,21804,16913,19576,22842,s3://human-pangenomics/working/HPRC/HG03209/raw_data/PacBio_HiFi/deepconsensus/v1pt2/HG03209.m64076_221001_041132.dc.q20.fastq.gz,HPRC_DEEPCONSENSUS_v1pt2_2023_08_q20,unaligned reads,,5.08,
HG03225,SRR26545321,SRP305758,PRJNA701308,SAMN33621957,HG03225_lib1_dc,PacBio HiFi sequencing of HG03225 rebasecalled with DeepConsensus v1.2,WGS,GENOMIC,size fractionation,single,PACBIO_SMRT,Sequel II,HiFi sequencing of 20kb fractionated gDNA,fastq,Megaruptor 1,SageELF,deepconsensus,1.2,P2,C2,Washington University,tgraves@wustl.edu,HG03225.m64043_220518_120044.dc.q20.fastq.gz,1778562,38075046543,38.08,201,66440,21407,18631,20682,23597,19088,21368,24585,s3://human-pangenomics/working/HPRC/HG03225/raw_data/PacBio_HiFi/deepconsensus/v1pt2/HG03225.m64043_220518_120044.dc.q20.fastq.gz,HPRC_DEEPCONSENSUS_v1pt2_2023_08_q20,unaligned reads,,12.28,
HG03225,SRR26545321,SRP305758,PRJNA701308,SAMN33621957,HG03225_lib1_dc,PacBio HiFi sequencing of HG03225 rebasecalled with DeepConsensus v1.2,WGS,GENOMIC,size fractionation,single,PACBIO_SMRT,Sequel II,HiFi sequencing of 20kb fractionated gDNA,fastq,Megaruptor 1,SageELF,deepconsensus,1.2,P2,C2,Washington University,tgraves@wustl.edu,HG03225.m64043_220726_203720.dc.q20.fastq.gz,1317249,26502031981,26.5,523,59071,20119,18069,19662,21652,18378,20047,22207,s3://human-pangenomics/working/HPRC/HG03225/raw_data/PacBio_HiFi/deepconsensus/v1pt2/HG03225.m64043_220726_203720.dc.q20.fastq.gz,HPRC_DEEPCONSENSUS_v1pt2_2023_08_q20,unaligned reads,,8.55,
HG03225,SRR26545321,SRP305758,PRJNA701308,SAMN33621957,HG03225_lib1_dc,PacBio HiFi sequencing of HG03225 rebasecalled with DeepConsensus v1.2,WGS,GENOMIC,size fractionation,single,PACBIO_SMRT,Sequel II,HiFi sequencing of 20kb fractionated gDNA,fastq,Megaruptor 1,SageELF,deepconsensus,1.2,P2,C2,Washington University,tgraves@wustl.edu,HG03225.m64136_220518_004520.dc.q20.fastq.gz,1473634,31575236912,31.58,756,56883,21426,18661,20697,23594,19115,21372,24582,s3://human-pangenomics/working/HPRC/HG03225/raw_data/PacBio_HiFi/deepconsensus/v1pt2/HG03225.m64136_220518_004520.dc.q20.fastq.gz,HPRC_DEEPCONSENSUS_v1pt2_2023_08_q20,unaligned reads,,10.19,
HG03239,SRR26545320,SRP305758,PRJNA701308,SAMN33758794,HG03239.HFSS_dc,PacBio HiFi sequencing of HG03239 rebasecalled with DeepConsensus v1.2,WGS,GENOMIC,size fractionation,single,PACBIO_SMRT,Sequel II,HiFi sequencing of 20kb fractionated gDNA,fastq,Megaruptor 1,SageELF,deepconsensus,1.2,P2,C2,Washington University,tgraves@wustl.edu,HG03239.m54329U_220105_011819.dc.q20.fastq.gz,2110106,42601512093,42.6,349,66504,20189,16384,19344,23230,17333,20696,24861,s3://human-pangenomics/working/HPRC/HG03239/raw_data/PacBio_HiFi/deepconsensus/v1pt2/HG03239.m54329U_220105_011819.dc.q20.fastq.gz,HPRC_DEEPCONSENSUS_v1pt2_2023_08_q20,unaligned reads,,13.74,
HG03239,SRR26545320,SRP305758,PRJNA701308,SAMN33758794,HG03239.HFSS_dc,PacBio HiFi sequencing of HG03239 rebasecalled with DeepConsensus v1.2,WGS,GENOMIC,size fractionation,single,PACBIO_SMRT,Sequel II,HiFi sequencing of 20kb fractionated gDNA,fastq,Megaruptor 1,SageELF,deepconsensus,1.2,P2,C2,Washington University,tgraves@wustl.edu,HG03239.m64076_220106_231243.dc.q20.fastq.gz,2213029,45069093757,45.07,51,67583,20365,16518,19525,23407,17478,20872,25011,s3://human-pangenomics/working/HPRC/HG03239/raw_data/PacBio_HiFi/deepconsensus/v1pt2/HG03239.m64076_220106_231243.dc.q20.fastq.gz,HPRC_DEEPCONSENSUS_v1pt2_2023_08_q20,unaligned reads,,14.54,
HG03239,SRR26545320,SRP305758,PRJNA701308,SAMN33758794,HG03239.HFSS_dc,PacBio HiFi sequencing of HG03239 rebasecalled with DeepConsensus v1.2,WGS,GENOMIC,size fractionation,single,PACBIO_SMRT,Sequel II,HiFi sequencing of 20kb fractionated gDNA,fastq,Megaruptor 1,SageELF,deepconsensus,1.2,P2,C2,Washington University,tgraves@wustl.edu,HG03239.m64076_220108_100904.dc.q20.fastq.gz,2202415,44377708664,44.38,407,69474,20149,16361,19318,23154,17306,20650,24758,s3://human-pangenomics/working/HPRC/HG03239/raw_data/PacBio_HiFi/deepconsensus/v1pt2/HG03239.m64076_220108_100904.dc.q20.fastq.gz,HPRC_DEEPCONSENSUS_v1pt2_2023_08_q20,unaligned reads,,14.32,
HG03453,,SRP305758,PRJNA701308,SAMN17861668,HG03453_lib1_dc_m64043_200508_172634,PacBio HiFi sequencing of HG03453 rebasecalled with DeepConsensus v1.2,WGS,GENOMIC,size fractionation,single,PACBIO_SMRT,Sequel II,HiFi sequencing of 20kb fractionated gDNA,fastq,Megaruptor 1,SageELF,deepconsensus,1.2,,,Washington University,tgraves@wustl.edu,HG03453.m64043_200508_172634.dc.q20.fastq.gz,2320167,46907524585,46.91,43,51109,20217,17794,19435,21927,18108,19950,22802,s3://human-pangenomics/working/HPRC/HG03453/raw_data/PacBio_HiFi/deepconsensus/v1pt2/HG03453.m64043_200508_172634.dc.q20.fastq.gz,HPRC_DEEPCONSENSUS_v1pt2_2023_12_q20,unaligned reads,,15.13,0.6283
HG03453,,SRP305758,PRJNA701308,SAMN17861668,HG03453_lib1_dc_m64043_200509_233929,PacBio HiFi sequencing of HG03453 rebasecalled with DeepConsensus v1.2,WGS,GENOMIC,size fractionation,single,PACBIO_SMRT,Sequel II,HiFi sequencing of 20kb fractionated gDNA,fastq,Megaruptor 1,SageELF,deepconsensus,1.2,,,Washington University,tgraves@wustl.edu,HG03453.m64043_200509_233929.dc.q20.fastq.gz,2379995,48130751385,48.13,45,51233,20223,17804,19437,21912,18120,19947,22786,s3://human-pangenomics/working/HPRC/HG03453/raw_data/PacBio_HiFi/deepconsensus/v1pt2/HG03453.m64043_200509_233929.dc.q20.fastq.gz,HPRC_DEEPCONSENSUS_v1pt2_2023_12_q20,unaligned reads,,15.53,0.596619
HG03453,,SRP305758,PRJNA701308,SAMN17861668,HG03453_lib1_dc_m64043_200511_060458,PacBio HiFi sequencing of HG03453 rebasecalled with DeepConsensus v1.2,WGS,GENOMIC,size fractionation,single,PACBIO_SMRT,Sequel II,HiFi sequencing of 20kb fractionated gDNA,fastq,Megaruptor 1,SageELF,deepconsensus,1.2,,,Washington University,tgraves@wustl.edu,HG03453.m64043_200511_060458.dc.q20.fastq.gz,2280757,46024436853,46.02,30,50766,20179,17779,19399,21847,18091,19901,22708,s3://human-pangenomics/working/HPRC/HG03453/raw_data/PacBio_HiFi/deepconsensus/v1pt2/HG03453.m64043_200511_060458.dc.q20.fastq.gz,HPRC_DEEPCONSENSUS_v1pt2_2023_12_q20,unaligned reads,,14.85,0.570205
HG03453,,SRP305758,PRJNA701308,SAMN17861668,HG03453_lib1_dc_m64043_200512_123035,PacBio HiFi sequencing of HG03453 rebasecalled with DeepConsensus v1.2,WGS,GENOMIC,size fractionation,single,PACBIO_SMRT,Sequel II,HiFi sequencing of 20kb fractionated gDNA,fastq,Megaruptor 1,SageELF,deepconsensus,1.2,,,Washington University,tgraves@wustl.edu,HG03453.m64043_200512_123035.dc.q20.fastq.gz,2201432,44822494928,44.82,19,50860,20360,17900,19570,22102,18220,20097,22992,s3://human-pangenomics/working/HPRC/HG03453/raw_data/PacBio_HiFi/deepconsensus/v1pt2/HG03453.m64043_200512_123035.dc.q20.fastq.gz,HPRC_DEEPCONSENSUS_v1pt2_2023_12_q20,unaligned reads,,14.46,0.582665
HG03458,SRR30729176,SRP305758,PRJNA701308,SAMN37797109,HG03458_PB1_dc_m64334e_220823_095812,PacBio HiFi sequencing of HG03458 rebasecalled with DeepConsensus v1.2,WGS,GENOMIC,size fractionation,single,PACBIO_SMRT,Sequel II,HiFi sequencing of 20kb fractionated gDNA,fastq,Megaruptor 3,Pippin HT,deepconsensus,1.2,P2,C2,Rockefeller University,vgl-lab@rockefeller.edu,HG03458.m64334e_220823_095812.dc.q20.fastq.gz,1449170,35737054082,35.74,170,82566,24660,19411,23724,28952,21058,25799,31253,s3://human-pangenomics/working/HPRC/HG03458/raw_data/PacBio_HiFi/deepconsensus/v1pt2/HG03458.m64334e_220823_095812.dc.q20.fastq.gz,HPRC_DEEPCONSENSUS_v1pt2_2024_02_q20_re-run,unaligned reads,,11.53,0.613995
HG03458,SRR30729154,SRP305758,PRJNA701308,SAMN37797109,HG03458_PB1_dc_m64330e_220823_081200,PacBio HiFi sequencing of HG03458 rebasecalled with DeepConsensus v1.2,WGS,GENOMIC,size fractionation,single,PACBIO_SMRT,Sequel II,HiFi sequencing of 20kb fractionated gDNA,fastq,Megaruptor 3,Pippin HT,deepconsensus,1.2,P2,C2,Rockefeller University,vgl-lab@rockefeller.edu,HG03458.m64330e_220823_081200.dc.q20.fastq.gz,2312125,50892273069,50.89,90,84885,22011,17431,20825,25392,18589,22545,27587,s3://human-pangenomics/working/HPRC/HG03458/raw_data/PacBio_HiFi/deepconsensus/v1pt2/HG03458.m64330e_220823_081200.dc.q20.fastq.gz,HPRC_DEEPCONSENSUS_v1pt2_2024_02_q20_re-run,unaligned reads,,16.42,0.629223
HG03458,SRR30729177,SRP305758,PRJNA701308,SAMN37797109,HG03458_PB1_dc_m64055e_220815_142254,PacBio HiFi sequencing of HG03458 rebasecalled with DeepConsensus v1.2,WGS,GENOMIC,size fractionation,single,PACBIO_SMRT,Sequel II,HiFi sequencing of 20kb fractionated gDNA,fastq,Megaruptor 3,Pippin HT,deepconsensus,1.2,P2,C2,Rockefeller University,vgl-lab@rockefeller.edu,HG03458.m64055e_220815_142254.dc.q20.fastq.gz,2383999,51215785160,51.22,106,75600,21483,17088,20249,24584,18130,21845,26773,s3://human-pangenomics/working/HPRC/HG03458/raw_data/PacBio_HiFi/deepconsensus/v1pt2/HG03458.m64055e_220815_142254.dc.q20.fastq.gz,HPRC_DEEPCONSENSUS_v1pt2_2024_02_q20_re-run,unaligned reads,,16.52,0.596973
HG03470,SRR30729151,SRP305758,PRJNA701308,SAMN37797110,HG03470_PB1_dc_m54306Ue_220817_100412,PacBio HiFi sequencing of HG03470 rebasecalled with DeepConsensus v1.2,WGS,GENOMIC,size fractionation,single,PACBIO_SMRT,Sequel II,HiFi sequencing of 20kb fractionated gDNA,fastq,Megaruptor 3,Pippin HT,deepconsensus,1.2,P2,C2,Rockefeller University,vgl-lab@rockefeller.edu,HG03470.m54306Ue_220817_100412.dc.q20.fastq.gz,1856696,48729633616,48.73,130,95515,26245,20102,24833,30886,22049,27436,34132,s3://human-pangenomics/working/HPRC/HG03470/raw_data/PacBio_HiFi/deepconsensus/v1pt2/HG03470.m54306Ue_220817_100412.dc.q20.fastq.gz,HPRC_DEEPCONSENSUS_v1pt2_2024_02_q20_re-run,unaligned reads,,15.72,0.565995
HG03470,SRR30729153,SRP305758,PRJNA701308,SAMN37797110,HG03470_PB1_dc_m54306Ue_220819_070258,PacBio HiFi sequencing of HG03470 rebasecalled with DeepConsensus v1.2,WGS,GENOMIC,size fractionation,single,PACBIO_SMRT,Sequel II,HiFi sequencing of 20kb fractionated gDNA,fastq,Megaruptor 3,Pippin HT,deepconsensus,1.2,P2,C2,Rockefeller University,vgl-lab@rockefeller.edu,HG03470.m54306Ue_220819_070258.dc.q20.fastq.gz,2013978,52393894516,52.39,70,89291,26015,19870,24577,30629,21814,27196,33899,s3://human-pangenomics/working/HPRC/HG03470/raw_data/PacBio_HiFi/deepconsensus/v1pt2/HG03470.m54306Ue_220819_070258.dc.q20.fastq.gz,HPRC_DEEPCONSENSUS_v1pt2_2024_02_q20_re-run,unaligned reads,,16.9,0.5326
HG03470,SRR30729152,SRP305758,PRJNA701308,SAMN37797110,HG03470_PB1_dc_m64330e_220803_140136,PacBio HiFi sequencing of HG03470 rebasecalled with DeepConsensus v1.2,WGS,GENOMIC,size fractionation,single,PACBIO_SMRT,Sequel II,HiFi sequencing of 20kb fractionated gDNA,fastq,Megaruptor 3,Pippin HT,deepconsensus,1.2,P2,C2,Rockefeller University,vgl-lab@rockefeller.edu,HG03470.m64330e_220803_140136.dc.q20.fastq.gz,1921987,49488066873,49.49,70,113162,25748,19663,24205,30217,21510,26788,33611,s3://human-pangenomics/working/HPRC/HG03470/raw_data/PacBio_HiFi/deepconsensus/v1pt2/HG03470.m64330e_220803_140136.dc.q20.fastq.gz,HPRC_DEEPCONSENSUS_v1pt2_2024_02_q20_re-run,unaligned reads,,15.96,0.547646
HG03471,,SRP305758,PRJNA701308,SAMN17861669,HG03471_lib1_dc_m64043_200606_175618,PacBio HiFi sequencing of HG03471 rebasecalled with DeepConsensus v1.2,WGS,GENOMIC,size fractionation,single,PACBIO_SMRT,Sequel II,HiFi sequencing of 20kb fractionated gDNA,fastq,Megaruptor 1,SageELF,deepconsensus,1.2,,,Washington University,tgraves@wustl.edu,HG03471.m64043_200606_175618.dc.q20.fastq.gz,2510604,48649038418,48.65,23,50679,19377,16845,18646,21364,17232,19271,22320,s3://human-pangenomics/working/HPRC/HG03471/raw_data/PacBio_HiFi/deepconsensus/v1pt2/HG03471.m64043_200606_175618.dc.q20.fastq.gz,HPRC_DEEPCONSENSUS_v1pt2_2023_12_q20,unaligned reads,,15.69,0.502332
HG03471,,SRP305758,PRJNA701308,SAMN17861669,HG03471_lib1_dc_m64043_200608_185843,PacBio HiFi sequencing of HG03471 rebasecalled with DeepConsensus v1.2,WGS,GENOMIC,size fractionation,single,PACBIO_SMRT,Sequel II,HiFi sequencing of 20kb fractionated gDNA,fastq,Megaruptor 1,SageELF,deepconsensus,1.2,,,Washington University,tgraves@wustl.edu,HG03471.m64043_200608_185843.dc.q20.fastq.gz,2419810,47073208873,47.07,44,50807,19453,16912,18729,21456,17298,19355,22411,s3://human-pangenomics/working/HPRC/HG03471/raw_data/PacBio_HiFi/deepconsensus/v1pt2/HG03471.m64043_200608_185843.dc.q20.fastq.gz,HPRC_DEEPCONSENSUS_v1pt2_2023_12_q20,unaligned reads,,15.18,0.549169
HG03471,,SRP305758,PRJNA701308,SAMN17861669,HG03471_lib1_dc_m64043_200610_011156,PacBio HiFi sequencing of HG03471 rebasecalled with DeepConsensus v1.2,WGS,GENOMIC,size fractionation,single,PACBIO_SMRT,Sequel II,HiFi sequencing of 20kb fractionated gDNA,fastq,Megaruptor 1,SageELF,deepconsensus,1.2,,,Washington University,tgraves@wustl.edu,HG03471.m64043_200610_011156.dc.q20.fastq.gz,2433118,47397244162,47.4,23,50880,19480,16936,18760,21468,17328,19383,22416,s3://human-pangenomics/working/HPRC/HG03471/raw_data/PacBio_HiFi/deepconsensus/v1pt2/HG03471.m64043_200610_011156.dc.q20.fastq.gz,HPRC_DEEPCONSENSUS_v1pt2_2023_12_q20,unaligned reads,,15.29,0.50297
HG03471,,SRP305758,PRJNA701308,SAMN17861669,HG03471_lib1_dc_m64043_200611_073649,PacBio HiFi sequencing of HG03471 rebasecalled with DeepConsensus v1.2,WGS,GENOMIC,size fractionation,single,PACBIO_SMRT,Sequel II,HiFi sequencing of 20kb fractionated gDNA,fastq,Megaruptor 1,SageELF,deepconsensus,1.2,,,Washington University,tgraves@wustl.edu,HG03471.m64043_200611_073649.dc.q20.fastq.gz,2327932,45280981914,45.28,35,50643,19451,16913,18728,21429,17303,19347,22385,s3://human-pangenomics/working/HPRC/HG03471/raw_data/PacBio_HiFi/deepconsensus/v1pt2/HG03471.m64043_200611_073649.dc.q20.fastq.gz,HPRC_DEEPCONSENSUS_v1pt2_2023_12_q20,unaligned reads,,14.61,0.520551
HG03516,,SRP305758,PRJNA701308,SAMN17861241,HG03516_HiFiEx_mix_dc_m54329U_200610_234222,PacBio HiFi sequencing of HG03516 rebasecalled with DeepConsensus v1.2,WGS,GENOMIC,size fractionation,single,PACBIO_SMRT,Sequel II,HiFi sequencing of 20kb fractionated gDNA,fastq,g-TUBE,SageELF,deepconsensus,1.2,P2,C2,University of Washington,kmiyamot@uw.edu,HG03516.m54329U_200610_234222.dc.q20.fastq.gz,2164349,40520784626,40.52,41,51721,18721,16532,18151,20232,16879,18618,20925,s3://human-pangenomics/working/HPRC/HG03516/raw_data/PacBio_HiFi/deepconsensus/v1pt2/HG03516.m54329U_200610_234222.dc.q20.fastq.gz,HPRC_DEEPCONSENSUS_v1pt2_2023_12_q20,unaligned reads,,13.07,0.594857
HG03516,,SRP305758,PRJNA701308,SAMN17861241,HG03516_HiFiEx_mix_dc_m54329U_200612_200443,PacBio HiFi sequencing of HG03516 rebasecalled with DeepConsensus v1.2,WGS,GENOMIC,size fractionation,single,PACBIO_SMRT,Sequel II,HiFi sequencing of 20kb fractionated gDNA,fastq,g-TUBE,SageELF,deepconsensus,1.2,P2,C2,University of Washington,kmiyamot@uw.edu,HG03516.m54329U_200612_200443.dc.q20.fastq.gz,2100723,39743360954,39.74,46,52815,18918,16668,18312,20440,17020,18793,21169,s3://human-pangenomics/working/HPRC/HG03516/raw_data/PacBio_HiFi/deepconsensus/v1pt2/HG03516.m54329U_200612_200443.dc.q20.fastq.gz,HPRC_DEEPCONSENSUS_v1pt2_2023_12_q20,unaligned reads,,12.82,0.608698
HG03516,,SRP305758,PRJNA701308,SAMN17861241,HG03516_HiFiEx_mix_dc_m54329U_200614_021746,PacBio HiFi sequencing of HG03516 rebasecalled with DeepConsensus v1.2,WGS,GENOMIC,size fractionation,single,PACBIO_SMRT,Sequel II,HiFi sequencing of 20kb fractionated gDNA,fastq,g-TUBE,SageELF,deepconsensus,1.2,P2,C2,University of Washington,kmiyamot@uw.edu,HG03516.m54329U_200614_021746.dc.q20.fastq.gz,1355190,26188958394,26.19,67,52725,19324,16938,18670,20919,17316,19189,21724,s3://human-pangenomics/working/HPRC/HG03516/raw_data/PacBio_HiFi/deepconsensus/v1pt2/HG03516.m54329U_200614_021746.dc.q20.fastq.gz,HPRC_DEEPCONSENSUS_v1pt2_2023_12_q20,unaligned reads,,8.45,0.634508
HG03516,,SRP305758,PRJNA701308,SAMN17861241,HG03516_HiFiEx_mix_dc_m54329U_200615_084313,PacBio HiFi sequencing of HG03516 rebasecalled with DeepConsensus v1.2,WGS,GENOMIC,size fractionation,single,PACBIO_SMRT,Sequel II,HiFi sequencing of 20kb fractionated gDNA,fastq,g-TUBE,SageELF,deepconsensus,1.2,P2,C2,University of Washington,kmiyamot@uw.edu,HG03516.m54329U_200615_084313.dc.q20.fastq.gz,1666732,31304758969,31.3,27,52124,18782,16598,18215,20297,16939,18679,20982,s3://human-pangenomics/working/HPRC/HG03516/raw_data/PacBio_HiFi/deepconsensus/v1pt2/HG03516.m54329U_200615_084313.dc.q20.fastq.gz,HPRC_DEEPCONSENSUS_v1pt2_2023_12_q20,unaligned reads,,10.1,0.601872
HG03516,SRR30729149,SRP305758,PRJNA701308,SAMN17861241,HG03516_lib1_dc_m64136_220529_152051,PacBio HiFi sequencing of HG03516 rebasecalled with DeepConsensus v1.2,WGS,GENOMIC,size fractionation,single,PACBIO_SMRT,Sequel II,HiFi sequencing of 20kb fractionated gDNA,fastq,Megaruptor 1,SageELF,deepconsensus,1.2,P2.2,C2,Washington University,tgraves@wustl.edu,HG03516.m64136_220529_152051.dc.q20.fastq.gz,1281043,31765341692,31.77,385,76743,24796,22016,24135,27005,22440,24733,27833,s3://human-pangenomics/working/HPRC/HG03516/raw_data/PacBio_HiFi/deepconsensus/v1pt2/HG03516.m64136_220529_152051.dc.q20.fastq.gz,HPRC_DEEPCONSENSUS_v1pt2_2024_02_q20_re-run,unaligned reads,,10.25,0.602359
HG03516,SRR30729150,SRP305758,PRJNA701308,SAMN17861241,HG03516_lib1_dc_m64136_220531_103752,PacBio HiFi sequencing of HG03516 rebasecalled with DeepConsensus v1.2,WGS,GENOMIC,size fractionation,single,PACBIO_SMRT,Sequel II,HiFi sequencing of 20kb fractionated gDNA,fastq,Megaruptor 1,SageELF,deepconsensus,1.2,P2.2,C2,Washington University,tgraves@wustl.edu,HG03516.m64136_220531_103752.dc.q20.fastq.gz,1908382,47153399282,47.15,220,72681,24708,21969,24071,26902,22388,24658,27707,s3://human-pangenomics/working/HPRC/HG03516/raw_data/PacBio_HiFi/deepconsensus/v1pt2/HG03516.m64136_220531_103752.dc.q20.fastq.gz,HPRC_DEEPCONSENSUS_v1pt2_2024_02_q20_re-run,unaligned reads,,15.21,0.54389
HG03540,,SRP305758,PRJNA701308,SAMN17861670,HG03540_lib1_dc_m64043_200521_171703,PacBio HiFi sequencing of HG03540 rebasecalled with DeepConsensus v1.2,WGS,GENOMIC,size fractionation,single,PACBIO_SMRT,Sequel II,HiFi sequencing of 20kb fractionated gDNA,fastq,Megaruptor 1,SageELF,deepconsensus,1.2,,,Washington University,tgraves@wustl.edu,HG03540.m64043_200521_171703.dc.q20.fastq.gz,2233202,46544835983,46.54,42,51134,20842,18355,20053,22570,18676,20576,23431,s3://human-pangenomics/working/HPRC/HG03540/raw_data/PacBio_HiFi/deepconsensus/v1pt2/HG03540.m64043_200521_171703.dc.q20.fastq.gz,HPRC_DEEPCONSENSUS_v1pt2_2023_12_q20,unaligned reads,,15.01,0.595049
HG03540,,SRP305758,PRJNA701308,SAMN17861670,HG03540_lib1_dc_m64043_200522_232930,PacBio HiFi sequencing of HG03540 rebasecalled with DeepConsensus v1.2,WGS,GENOMIC,size fractionation,single,PACBIO_SMRT,Sequel II,HiFi sequencing of 20kb fractionated gDNA,fastq,Megaruptor 1,SageELF,deepconsensus,1.2,,,Washington University,tgraves@wustl.edu,HG03540.m64043_200522_232930.dc.q20.fastq.gz,2172724,45219382559,45.22,36,51646,20812,18346,20018,22512,18658,20533,23369,s3://human-pangenomics/working/HPRC/HG03540/raw_data/PacBio_HiFi/deepconsensus/v1pt2/HG03540.m64043_200522_232930.dc.q20.fastq.gz,HPRC_DEEPCONSENSUS_v1pt2_2023_12_q20,unaligned reads,,14.59,0.608357
HG03540,,SRP305758,PRJNA701308,SAMN17861670,HG03540_lib1_dc_m64043_200524_055430,PacBio HiFi sequencing of HG03540 rebasecalled with DeepConsensus v1.2,WGS,GENOMIC,size fractionation,single,PACBIO_SMRT,Sequel II,HiFi sequencing of 20kb fractionated gDNA,fastq,Megaruptor 1,SageELF,deepconsensus,1.2,,,Washington University,tgraves@wustl.edu,HG03540.m64043_200524_055430.dc.q20.fastq.gz,2173550,45454340210,45.45,20,51262,20912,18397,20104,22649,18720,20635,23532,s3://human-pangenomics/working/HPRC/HG03540/raw_data/PacBio_HiFi/deepconsensus/v1pt2/HG03540.m64043_200524_055430.dc.q20.fastq.gz,HPRC_DEEPCONSENSUS_v1pt2_2023_12_q20,unaligned reads,,14.66,0.593503
HG03540,,SRP305758,PRJNA701308,SAMN17861670,HG03540_lib1_dc_m64043_200525_121851,PacBio HiFi sequencing of HG03540 rebasecalled with DeepConsensus v1.2,WGS,GENOMIC,size fractionation,single,PACBIO_SMRT,Sequel II,HiFi sequencing of 20kb fractionated gDNA,fastq,Megaruptor 1,SageELF,deepconsensus,1.2,,,Washington University,tgraves@wustl.edu,HG03540.m64043_200525_121851.dc.q20.fastq.gz,2099251,44240953017,44.24,45,52413,21074,18500,20264,22878,18838,20817,23783,s3://human-pangenomics/working/HPRC/HG03540/raw_data/PacBio_HiFi/deepconsensus/v1pt2/HG03540.m64043_200525_121851.dc.q20.fastq.gz,HPRC_DEEPCONSENSUS_v1pt2_2023_12_q20,unaligned reads,,14.27,0.604728
HG03579,,SRP305758,PRJNA701308,SAMN17861671,HG03579_lib1_dc_m64043_200515_165406,PacBio HiFi sequencing of HG03579 rebasecalled with DeepConsensus v1.2,WGS,GENOMIC,size fractionation,single,PACBIO_SMRT,Sequel II,HiFi sequencing of 20kb fractionated gDNA,fastq,Megaruptor 1,SageELF,deepconsensus,1.2,,,Washington University,tgraves@wustl.edu,HG03579.m64043_200515_165406.dc.q20.fastq.gz,2037949,40100443839,40.1,43,50847,19676,17269,19001,21401,17641,19536,22268,s3://human-pangenomics/working/HPRC/HG03579/raw_data/PacBio_HiFi/deepconsensus/v1pt2/HG03579.m64043_200515_165406.dc.q20.fastq.gz,HPRC_DEEPCONSENSUS_v1pt2_2023_12_q20,unaligned reads,,12.94,0.595082
HG03579,,SRP305758,PRJNA701308,SAMN17861671,HG03579_lib1_dc_m64043_200516_230634,PacBio HiFi sequencing of HG03579 rebasecalled with DeepConsensus v1.2,WGS,GENOMIC,size fractionation,single,PACBIO_SMRT,Sequel II,HiFi sequencing of 20kb fractionated gDNA,fastq,Megaruptor 1,SageELF,deepconsensus,1.2,,,Washington University,tgraves@wustl.edu,HG03579.m64043_200516_230634.dc.q20.fastq.gz,2279509,45060169890,45.06,45,51274,19767,17324,19056,21471,17698,19595,22366,s3://human-pangenomics/working/HPRC/HG03579/raw_data/PacBio_HiFi/deepconsensus/v1pt2/HG03579.m64043_200516_230634.dc.q20.fastq.gz,HPRC_DEEPCONSENSUS_v1pt2_2023_12_q20,unaligned reads,,14.54,0.594439
HG03579,,SRP305758,PRJNA701308,SAMN17861671,HG03579_lib1_dc_m64043_200518_053124,PacBio HiFi sequencing of HG03579 rebasecalled with DeepConsensus v1.2,WGS,GENOMIC,size fractionation,single,PACBIO_SMRT,Sequel II,HiFi sequencing of 20kb fractionated gDNA,fastq,Megaruptor 1,SageELF,deepconsensus,1.2,,,Washington University,tgraves@wustl.edu,HG03579.m64043_200518_053124.dc.q20.fastq.gz,2324525,45495938476,45.5,45,51055,19572,17180,18882,21239,17549,19405,22104,s3://human-pangenomics/working/HPRC/HG03579/raw_data/PacBio_HiFi/deepconsensus/v1pt2/HG03579.m64043_200518_053124.dc.q20.fastq.gz,HPRC_DEEPCONSENSUS_v1pt2_2023_12_q20,unaligned reads,,14.68,0.619351
HG03579,,SRP305758,PRJNA701308,SAMN17861671,HG03579_lib1_dc_m64043_200519_115622,PacBio HiFi sequencing of HG03579 rebasecalled with DeepConsensus v1.2,WGS,GENOMIC,size fractionation,single,PACBIO_SMRT,Sequel II,HiFi sequencing of 20kb fractionated gDNA,fastq,Megaruptor 1,SageELF,deepconsensus,1.2,,,Washington University,tgraves@wustl.edu,HG03579.m64043_200519_115622.dc.q20.fastq.gz,2245672,43991373846,43.99,40,50957,19589,17204,18901,21253,17569,19423,22112,s3://human-pangenomics/working/HPRC/HG03579/raw_data/PacBio_HiFi/deepconsensus/v1pt2/HG03579.m64043_200519_115622.dc.q20.fastq.gz,HPRC_DEEPCONSENSUS_v1pt2_2023_12_q20,unaligned reads,,14.19,0.608554
HG03579,SRR30729148,SRP305758,PRJNA701308,SAMN17861671,HG03579_lib1_dc_m64043_220605_133005,PacBio HiFi sequencing of HG03579 rebasecalled with DeepConsensus v1.2,WGS,GENOMIC,size fractionation,single,PACBIO_SMRT,Sequel II,HiFi sequencing of 20kb fractionated gDNA,fastq,Megaruptor 1,SageELF,deepconsensus,1.2,P2.2,C2,Washington University,tgraves@wustl.edu,HG03579.m64043_220605_133005.dc.q20.fastq.gz,2615075,52188919435,52.19,348,58804,19956,16890,19103,22258,17351,20060,23260,s3://human-pangenomics/working/HPRC/HG03579/raw_data/PacBio_HiFi/deepconsensus/v1pt2/HG03579.m64043_220605_133005.dc.q20.fastq.gz,HPRC_DEEPCONSENSUS_v1pt2_2024_02_q20_re-run,unaligned reads,,16.84,0.578854
HG03579,SRR30729147,SRP305758,PRJNA701308,SAMN17861671,HG03579_lib1_dc_m64043_220607_102715,PacBio HiFi sequencing of HG03579 rebasecalled with DeepConsensus v1.2,WGS,GENOMIC,size fractionation,single,PACBIO_SMRT,Sequel II,HiFi sequencing of 20kb fractionated gDNA,fastq,Megaruptor 1,SageELF,deepconsensus,1.2,P2.2,C2,Washington University,tgraves@wustl.edu,HG03579.m64043_220607_102715.dc.q20.fastq.gz,1745252,34981346844,34.98,85,69968,20043,16949,19231,22369,17429,20189,23360,s3://human-pangenomics/working/HPRC/HG03579/raw_data/PacBio_HiFi/deepconsensus/v1pt2/HG03579.m64043_220607_102715.dc.q20.fastq.gz,HPRC_DEEPCONSENSUS_v1pt2_2024_02_q20_re-run,unaligned reads,,11.28,0.590973
HG03654,SRR25618919,SRP305758,PRJNA701308,SAMN26237511,HG03654_lib1_dc,PacBio HiFi sequencing of HG03654 rebasecalled with DeepConsensus v1.2,WGS,GENOMIC,size fractionation,single,PACBIO_SMRT,Sequel II,HiFi sequencing of 20kb fractionated gDNA,fastq,Megaruptor 1,SageELF,deepconsensus,1.2,P2.2,C2,Washington University,tgraves@wustl.edu,HG03654.m64043_210524_174752.dc.q20.fastq.gz,1835281,34913876902,34.91,44,49808,19023,16246,18055,21265,16586,18981,22124,s3://human-pangenomics/working/HPRC/HG03654/raw_data/PacBio_HiFi/deepconsensus/v1pt2/HG03654.m64043_210524_174752.dc.q20.fastq.gz,HPRC_DEEPCONSENSUS_v1pt2,unaligned reads,,11.26,
HG03654,SRR25618919,SRP305758,PRJNA701308,SAMN26237511,HG03654_lib1_dc,PacBio HiFi sequencing of HG03654 rebasecalled with DeepConsensus v1.2,WGS,GENOMIC,size fractionation,single,PACBIO_SMRT,Sequel II,HiFi sequencing of 20kb fractionated gDNA,fastq,Megaruptor 1,SageELF,deepconsensus,1.2,P2.2,C2,Washington University,tgraves@wustl.edu,HG03654.m64043_210528_171552.dc.q20.fastq.gz,1435262,27331360113,27.33,722,50298,19042,16278,18102,21275,16617,19019,22123,s3://human-pangenomics/working/HPRC/HG03654/raw_data/PacBio_HiFi/deepconsensus/v1pt2/HG03654.m64043_210528_171552.dc.q20.fastq.gz,HPRC_DEEPCONSENSUS_v1pt2,unaligned reads,,8.82,
HG03654,SRR25618919,SRP305758,PRJNA701308,SAMN26237511,HG03654_lib1_dc,PacBio HiFi sequencing of HG03654 rebasecalled with DeepConsensus v1.2,WGS,GENOMIC,size fractionation,single,PACBIO_SMRT,Sequel II,HiFi sequencing of 20kb fractionated gDNA,fastq,Megaruptor 1,SageELF,deepconsensus,1.2,P2.2,C2,Washington University,tgraves@wustl.edu,HG03654.m64043_210522_023949.dc.q20.fastq.gz,1544271,28954276421,28.95,527,51101,18749,16121,17759,20887,16423,18527,21726,s3://human-pangenomics/working/HPRC/HG03654/raw_data/PacBio_HiFi/deepconsensus/v1pt2/HG03654.m64043_210522_023949.dc.q20.fastq.gz,HPRC_DEEPCONSENSUS_v1pt2,unaligned reads,,9.34,
HG03654,SRR25618919,SRP305758,PRJNA701308,SAMN26237511,HG03654_lib1_dc,PacBio HiFi sequencing of HG03654 rebasecalled with DeepConsensus v1.2,WGS,GENOMIC,size fractionation,single,PACBIO_SMRT,Sequel II,HiFi sequencing of 20kb fractionated gDNA,fastq,Megaruptor 1,SageELF,deepconsensus,1.2,P2.2,C2,Washington University,tgraves@wustl.edu,HG03654.m64043_210523_101851.dc.q20.fastq.gz,1945464,36993798458,36.99,47,50474,19015,16235,18044,21263,16577,18972,22130,s3://human-pangenomics/working/HPRC/HG03654/raw_data/PacBio_HiFi/deepconsensus/v1pt2/HG03654.m64043_210523_101851.dc.q20.fastq.gz,HPRC_DEEPCONSENSUS_v1pt2,unaligned reads,,11.93,
HG03669,SRR25618918,SRP305758,PRJNA701308,SAMN26237512,HG03669_lib1_dc,PacBio HiFi sequencing of HG03669 rebasecalled with DeepConsensus v1.2,WGS,GENOMIC,size fractionation,single,PACBIO_SMRT,Sequel II,HiFi sequencing of 20kb fractionated gDNA,fastq,Megaruptor 1,SageELF,deepconsensus,1.2,P2.2,C2,Washington University,tgraves@wustl.edu,HG03669.m64043_210604_175624.dc.q20.fastq.gz,1814032,36055687243,36.06,647,50274,19875,17564,19839,21890,18267,20305,22419,s3://human-pangenomics/working/HPRC/HG03669/raw_data/PacBio_HiFi/deepconsensus/v1pt2/HG03669.m64043_210604_175624.dc.q20.fastq.gz,HPRC_DEEPCONSENSUS_v1pt2,unaligned reads,,11.63,
HG03669,SRR25618918,SRP305758,PRJNA701308,SAMN26237512,HG03669_lib1_dc,PacBio HiFi sequencing of HG03669 rebasecalled with DeepConsensus v1.2,WGS,GENOMIC,size fractionation,single,PACBIO_SMRT,Sequel II,HiFi sequencing of 20kb fractionated gDNA,fastq,Megaruptor 1,SageELF,deepconsensus,1.2,P2.2,C2,Washington University,tgraves@wustl.edu,HG03669.m64043_210606_013256.dc.q20.fastq.gz,1830005,36717598973,36.72,86,49794,20064,17862,20013,22077,18499,20473,22605,s3://human-pangenomics/working/HPRC/HG03669/raw_data/PacBio_HiFi/deepconsensus/v1pt2/HG03669.m64043_210606_013256.dc.q20.fastq.gz,HPRC_DEEPCONSENSUS_v1pt2,unaligned reads,,11.84,
HG03669,SRR25618918,SRP305758,PRJNA701308,SAMN26237512,HG03669_lib1_dc,PacBio HiFi sequencing of HG03669 rebasecalled with DeepConsensus v1.2,WGS,GENOMIC,size fractionation,single,PACBIO_SMRT,Sequel II,HiFi sequencing of 20kb fractionated gDNA,fastq,Megaruptor 1,SageELF,deepconsensus,1.2,P2.2,C2,Washington University,tgraves@wustl.edu,HG03669.m64043_210607_090252.dc.q20.fastq.gz,1338656,26462867856,26.46,45,50261,19768,17402,19756,21797,18142,20222,22328,s3://human-pangenomics/working/HPRC/HG03669/raw_data/PacBio_HiFi/deepconsensus/v1pt2/HG03669.m64043_210607_090252.dc.q20.fastq.gz,HPRC_DEEPCONSENSUS_v1pt2,unaligned reads,,8.54,
HG03669,SRR25618918,SRP305758,PRJNA701308,SAMN26237512,HG03669_lib1_dc,PacBio HiFi sequencing of HG03669 rebasecalled with DeepConsensus v1.2,WGS,GENOMIC,size fractionation,single,PACBIO_SMRT,Sequel II,HiFi sequencing of 20kb fractionated gDNA,fastq,Megaruptor 1,SageELF,deepconsensus,1.2,P2.2,C2,Washington University,tgraves@wustl.edu,HG03669.m64043_210610_203329.dc.q20.fastq.gz,1499129,29069765726,29.07,206,49508,19391,16782,19383,21449,17553,19881,21989,s3://human-pangenomics/working/HPRC/HG03669/raw_data/PacBio_HiFi/deepconsensus/v1pt2/HG03669.m64043_210610_203329.dc.q20.fastq.gz,HPRC_DEEPCONSENSUS_v1pt2,unaligned reads,,9.38,
HG03688,SRR25618917,SRP305758,PRJNA701308,SAMN26267385,HG03688.HFSS_dc,PacBio HiFi sequencing of HG03688 rebasecalled with DeepConsensus v1.2,WGS,GENOMIC,size fractionation,single,PACBIO_SMRT,Sequel II,HiFi sequencing of 20kb fractionated gDNA,fastq,Megaruptor 3,PippinHT,deepconsensus,1.2,P2.2,C2,University of Washington,kmiyamot@uw.edu,HG03688.m54329U_210608_221930.dc.q20.fastq.gz,1942108,34460657575,34.46,26,49878,17743,15363,17171,19623,15735,17753,20363,s3://human-pangenomics/working/HPRC/HG03688/raw_data/PacBio_HiFi/deepconsensus/v1pt2/HG03688.m54329U_210608_221930.dc.q20.fastq.gz,HPRC_DEEPCONSENSUS_v1pt2,unaligned reads,,11.12,
HG03688,SRR25618917,SRP305758,PRJNA701308,SAMN26267385,HG03688.HFSS_dc,PacBio HiFi sequencing of HG03688 rebasecalled with DeepConsensus v1.2,WGS,GENOMIC,size fractionation,single,PACBIO_SMRT,Sequel II,HiFi sequencing of 20kb fractionated gDNA,fastq,Megaruptor 3,PippinHT,deepconsensus,1.2,P2.2,C2,University of Washington,kmiyamot@uw.edu,HG03688.m54329U_210611_221457.dc.q20.fastq.gz,1544005,26827713153,26.83,45,49520,17375,15069,16733,19138,15395,17291,19906,s3://human-pangenomics/working/HPRC/HG03688/raw_data/PacBio_HiFi/deepconsensus/v1pt2/HG03688.m54329U_210611_221457.dc.q20.fastq.gz,HPRC_DEEPCONSENSUS_v1pt2,unaligned reads,,8.65,
HG03688,SRR25618917,SRP305758,PRJNA701308,SAMN26267385,HG03688.HFSS_dc,PacBio HiFi sequencing of HG03688 rebasecalled with DeepConsensus v1.2,WGS,GENOMIC,size fractionation,single,PACBIO_SMRT,Sequel II,HiFi sequencing of 20kb fractionated gDNA,fastq,Megaruptor 3,PippinHT,deepconsensus,1.2,P2.2,C2,University of Washington,kmiyamot@uw.edu,HG03688.m54329U_210618_202343.dc.q20.fastq.gz,1763482,30663731389,30.66,77,50147,17388,15078,16755,19150,15408,17311,19903,s3://human-pangenomics/working/HPRC/HG03688/raw_data/PacBio_HiFi/deepconsensus/v1pt2/HG03688.m54329U_210618_202343.dc.q20.fastq.gz,HPRC_DEEPCONSENSUS_v1pt2,unaligned reads,,9.89,
HG03688,SRR25618917,SRP305758,PRJNA701308,SAMN26267385,HG03688.HFSS_dc,PacBio HiFi sequencing of HG03688 rebasecalled with DeepConsensus v1.2,WGS,GENOMIC,size fractionation,single,PACBIO_SMRT,Sequel II,HiFi sequencing of 20kb fractionated gDNA,fastq,Megaruptor 3,PippinHT,deepconsensus,1.2,P2.2,C2,University of Washington,kmiyamot@uw.edu,HG03688.m64076_210610_224207.dc.q20.fastq.gz,2188277,39361945067,39.36,46,49941,17987,15536,17431,19966,15939,18050,20722,s3://human-pangenomics/working/HPRC/HG03688/raw_data/PacBio_HiFi/deepconsensus/v1pt2/HG03688.m64076_210610_224207.dc.q20.fastq.gz,HPRC_DEEPCONSENSUS_v1pt2,unaligned reads,,12.7,
HG03704,SRR26545319,SRP305758,PRJNA701308,SAMN33758795,HG03704_SRE.HFSS_dc,PacBio HiFi sequencing of HG03704 rebasecalled with DeepConsensus v1.2,WGS,GENOMIC,size fractionation,single,PACBIO_SMRT,Sequel II,HiFi sequencing of 20kb fractionated gDNA,fastq,Megaruptor 1,SageELF,deepconsensus,1.2,P2,C2,Washington University,tgraves@wustl.edu,HG03704.m54329U_211105_213234.dc.q20.fastq.gz,1357879,28272672004,28.27,494,61092,20821,17330,19833,23351,17963,20863,24755,s3://human-pangenomics/working/HPRC/HG03704/raw_data/PacBio_HiFi/deepconsensus/v1pt2/HG03704.m54329U_211105_213234.dc.q20.fastq.gz,HPRC_DEEPCONSENSUS_v1pt2_2023_08_q20,unaligned reads,,9.12,
HG03704,SRR26545319,SRP305758,PRJNA701308,SAMN33758795,HG03704_SRE.HFSS_dc,PacBio HiFi sequencing of HG03704 rebasecalled with DeepConsensus v1.2,WGS,GENOMIC,size fractionation,single,PACBIO_SMRT,Sequel II,HiFi sequencing of 20kb fractionated gDNA,fastq,Megaruptor 1,SageELF,deepconsensus,1.2,P2,C2,Washington University,tgraves@wustl.edu,HG03704.m54329U_211111_222027.dc.q20.fastq.gz,1158701,24057997215,24.06,633,67019,20762,17300,19779,23266,17924,20800,24645,s3://human-pangenomics/working/HPRC/HG03704/raw_data/PacBio_HiFi/deepconsensus/v1pt2/HG03704.m54329U_211111_222027.dc.q20.fastq.gz,HPRC_DEEPCONSENSUS_v1pt2_2023_08_q20,unaligned reads,,7.76,
HG03704,SRR26545319,SRP305758,PRJNA701308,SAMN33758795,HG03704_SRE.HFSS_dc,PacBio HiFi sequencing of HG03704 rebasecalled with DeepConsensus v1.2,WGS,GENOMIC,size fractionation,single,PACBIO_SMRT,Sequel II,HiFi sequencing of 20kb fractionated gDNA,fastq,Megaruptor 1,SageELF,deepconsensus,1.2,P2,C2,Washington University,tgraves@wustl.edu,HG03704.m54329U_220203_054640.dc.q20.fastq.gz,973408,19378076147,19.38,211,64291,19907,16175,18958,22692,17007,20201,24261,s3://human-pangenomics/working/HPRC/HG03704/raw_data/PacBio_HiFi/deepconsensus/v1pt2/HG03704.m54329U_220203_054640.dc.q20.fastq.gz,HPRC_DEEPCONSENSUS_v1pt2_2023_08_q20,unaligned reads,,6.25,
HG03704,SRR26545319,SRP305758,PRJNA701308,SAMN33758795,HG03704_SRE.HFSS_dc,PacBio HiFi sequencing of HG03704 rebasecalled with DeepConsensus v1.2,WGS,GENOMIC,size fractionation,single,PACBIO_SMRT,Sequel II,HiFi sequencing of 20kb fractionated gDNA,fastq,Megaruptor 1,SageELF,deepconsensus,1.2,P2,C2,Washington University,tgraves@wustl.edu,HG03704.m54329U_220207_224702.dc.q20.fastq.gz,1636299,32728988289,32.73,78,68385,20001,16230,19048,22815,17074,20313,24414,s3://human-pangenomics/working/HPRC/HG03704/raw_data/PacBio_HiFi/deepconsensus/v1pt2/HG03704.m54329U_220207_224702.dc.q20.fastq.gz,HPRC_DEEPCONSENSUS_v1pt2_2023_08_q20,unaligned reads,,10.56,
HG03704,SRR26545319,SRP305758,PRJNA701308,SAMN33758795,HG03704_SRE.HFSS_dc,PacBio HiFi sequencing of HG03704 rebasecalled with DeepConsensus v1.2,WGS,GENOMIC,size fractionation,single,PACBIO_SMRT,Sequel II,HiFi sequencing of 20kb fractionated gDNA,fastq,Megaruptor 1,SageELF,deepconsensus,1.2,P2,C2,Washington University,tgraves@wustl.edu,HG03704.m64076_220216_013707.dc.q20.fastq.gz,735009,14731492664,14.73,55,65949,20042,16242,19083,22868,17100,20362,24491,s3://human-pangenomics/working/HPRC/HG03704/raw_data/PacBio_HiFi/deepconsensus/v1pt2/HG03704.m64076_220216_013707.dc.q20.fastq.gz,HPRC_DEEPCONSENSUS_v1pt2_2023_08_q20,unaligned reads,,4.75,
HG03710,SRR25618916,SRP305758,PRJNA701308,SAMN26237513,HG03710_lib1_dc,PacBio HiFi sequencing of HG03710 rebasecalled with DeepConsensus v1.2,WGS,GENOMIC,size fractionation,single,PACBIO_SMRT,Sequel II,HiFi sequencing of 20kb fractionated gDNA,fastq,Megaruptor 1,SageELF,deepconsensus,1.2,P2.2,C2,Washington University,tgraves@wustl.edu,HG03710.m64043_210514_184131.dc.q20.fastq.gz,1777436,36341702171,36.34,45,50442,20446,17226,18989,22671,17609,19870,24124,s3://human-pangenomics/working/HPRC/HG03710/raw_data/PacBio_HiFi/deepconsensus/v1pt2/HG03710.m64043_210514_184131.dc.q20.fastq.gz,HPRC_DEEPCONSENSUS_v1pt2,unaligned reads,,11.72,
HG03710,SRR25618916,SRP305758,PRJNA701308,SAMN26237513,HG03710_lib1_dc,PacBio HiFi sequencing of HG03710 rebasecalled with DeepConsensus v1.2,WGS,GENOMIC,size fractionation,single,PACBIO_SMRT,Sequel II,HiFi sequencing of 20kb fractionated gDNA,fastq,Megaruptor 1,SageELF,deepconsensus,1.2,P2.2,C2,Washington University,tgraves@wustl.edu,HG03710.m64043_210516_020821.dc.q20.fastq.gz,1861293,38731255168,38.73,46,50979,20808,17367,19294,23216,17800,20403,24763,s3://human-pangenomics/working/HPRC/HG03710/raw_data/PacBio_HiFi/deepconsensus/v1pt2/HG03710.m64043_210516_020821.dc.q20.fastq.gz,HPRC_DEEPCONSENSUS_v1pt2,unaligned reads,,12.49,
HG03710,SRR25618916,SRP305758,PRJNA701308,SAMN26237513,HG03710_lib1_dc,PacBio HiFi sequencing of HG03710 rebasecalled with DeepConsensus v1.2,WGS,GENOMIC,size fractionation,single,PACBIO_SMRT,Sequel II,HiFi sequencing of 20kb fractionated gDNA,fastq,Megaruptor 1,SageELF,deepconsensus,1.2,P2.2,C2,Washington University,tgraves@wustl.edu,HG03710.m64043_210517_175123.dc.q20.fastq.gz,1732661,36067499123,36.07,62,50394,20816,17372,19310,23242,17810,20432,24764,s3://human-pangenomics/working/HPRC/HG03710/raw_data/PacBio_HiFi/deepconsensus/v1pt2/HG03710.m64043_210517_175123.dc.q20.fastq.gz,HPRC_DEEPCONSENSUS_v1pt2,unaligned reads,,11.63,
HG03742,SRR30729145,SRP305758,PRJNA701308,SAMN37797111,HG03742_PB1_dc_m64055e_220917_121508,PacBio HiFi sequencing of HG03742 rebasecalled with DeepConsensus v1.2,WGS,GENOMIC,size fractionation,single,PACBIO_SMRT,Sequel II,HiFi sequencing of 20kb fractionated gDNA,fastq,Megaruptor 3,Pippin HT,deepconsensus,1.2,P2,C2,Rockefeller University,vgl-lab@rockefeller.edu,HG03742.m64055e_220917_121508.dc.q20.fastq.gz,2569482,52009115553,52.01,128,82230,20241,17199,19315,22411,17694,20142,23628,s3://human-pangenomics/working/HPRC/HG03742/raw_data/PacBio_HiFi/deepconsensus/v1pt2/HG03742.m64055e_220917_121508.dc.q20.fastq.gz,HPRC_DEEPCONSENSUS_v1pt2_2024_02_q20_re-run,unaligned reads,,16.78,0.543907
HG03742,SRR30729272,SRP305758,PRJNA701308,SAMN37797111,HG03742_PB1_dc_m64055e_220924_080740,PacBio HiFi sequencing of HG03742 rebasecalled with DeepConsensus v1.2,WGS,GENOMIC,size fractionation,single,PACBIO_SMRT,Sequel II,HiFi sequencing of 20kb fractionated gDNA,fastq,Megaruptor 3,Pippin HT,deepconsensus,1.2,P2,C2,Rockefeller University,vgl-lab@rockefeller.edu,HG03742.m64055e_220924_080740.dc.q20.fastq.gz,2491782,50469074357,50.47,117,75557,20254,17214,19339,22447,17713,20165,23663,s3://human-pangenomics/working/HPRC/HG03742/raw_data/PacBio_HiFi/deepconsensus/v1pt2/HG03742.m64055e_220924_080740.dc.q20.fastq.gz,HPRC_DEEPCONSENSUS_v1pt2_2024_02_q20_re-run,unaligned reads,,16.28,0.553247
HG03742,SRR30729146,SRP305758,PRJNA701308,SAMN37797111,HG03742_PB1_dc_m64055e_220926_031456,PacBio HiFi sequencing of HG03742 rebasecalled with DeepConsensus v1.2,WGS,GENOMIC,size fractionation,single,PACBIO_SMRT,Sequel II,HiFi sequencing of 20kb fractionated gDNA,fastq,Megaruptor 3,Pippin HT,deepconsensus,1.2,P2,C2,Rockefeller University,vgl-lab@rockefeller.edu,HG03742.m64055e_220926_031456.dc.q20.fastq.gz,2531024,52433251935,52.43,174,77622,20716,17466,19774,23097,18029,20705,24401,s3://human-pangenomics/working/HPRC/HG03742/raw_data/PacBio_HiFi/deepconsensus/v1pt2/HG03742.m64055e_220926_031456.dc.q20.fastq.gz,HPRC_DEEPCONSENSUS_v1pt2_2024_02_q20_re-run,unaligned reads,,16.91,0.541107
HG03831,SRR25618915,SRP305758,PRJNA701308,SAMN26237514,HG03831_lib1_dc,PacBio HiFi sequencing of HG03831 rebasecalled with DeepConsensus v1.2,WGS,GENOMIC,size fractionation,single,PACBIO_SMRT,Sequel II,HiFi sequencing of 20kb fractionated gDNA,fastq,Megaruptor 1,SageELF,deepconsensus,1.2,P2.2,C2,Washington University,tgraves@wustl.edu,HG03831.m64136_210612_053350.dc.q20.fastq.gz,1086860,23692128018,23.69,720,50627,21798,19492,21109,23384,19784,21536,24079,s3://human-pangenomics/working/HPRC/HG03831/raw_data/PacBio_HiFi/deepconsensus/v1pt2/HG03831.m64136_210612_053350.dc.q20.fastq.gz,HPRC_DEEPCONSENSUS_v1pt2,unaligned reads,,7.64,
HG03831,SRR25618915,SRP305758,PRJNA701308,SAMN26237514,HG03831_lib1_dc,PacBio HiFi sequencing of HG03831 rebasecalled with DeepConsensus v1.2,WGS,GENOMIC,size fractionation,single,PACBIO_SMRT,Sequel II,HiFi sequencing of 20kb fractionated gDNA,fastq,Megaruptor 1,SageELF,deepconsensus,1.2,P2.2,C2,Washington University,tgraves@wustl.edu,HG03831.m64136_210613_130744.dc.q20.fastq.gz,1093100,23794183957,23.79,384,50639,21767,19472,21084,23348,19763,21511,24041,s3://human-pangenomics/working/HPRC/HG03831/raw_data/PacBio_HiFi/deepconsensus/v1pt2/HG03831.m64136_210613_130744.dc.q20.fastq.gz,HPRC_DEEPCONSENSUS_v1pt2,unaligned reads,,7.68,
HG03831,SRR25618915,SRP305758,PRJNA701308,SAMN26237514,HG03831_lib1_dc,PacBio HiFi sequencing of HG03831 rebasecalled with DeepConsensus v1.2,WGS,GENOMIC,size fractionation,single,PACBIO_SMRT,Sequel II,HiFi sequencing of 20kb fractionated gDNA,fastq,Megaruptor 1,SageELF,deepconsensus,1.2,P2.2,C2,Washington University,tgraves@wustl.edu,HG03831.m64136_210614_204240.dc.q20.fastq.gz,1071717,23305117008,23.31,47,50447,21745,19460,21068,23322,19749,21494,24009,s3://human-pangenomics/working/HPRC/HG03831/raw_data/PacBio_HiFi/deepconsensus/v1pt2/HG03831.m64136_210614_204240.dc.q20.fastq.gz,HPRC_DEEPCONSENSUS_v1pt2,unaligned reads,,7.52,
HG03831,SRR25618915,SRP305758,PRJNA701308,SAMN26237514,HG03831_lib1_dc,PacBio HiFi sequencing of HG03831 rebasecalled with DeepConsensus v1.2,WGS,GENOMIC,size fractionation,single,PACBIO_SMRT,Sequel II,HiFi sequencing of 20kb fractionated gDNA,fastq,Megaruptor 1,SageELF,deepconsensus,1.2,P2.2,C2,Washington University,tgraves@wustl.edu,HG03831.m64136_210618_184849.dc.q20.fastq.gz,1936461,42330198159,42.33,90,51177,21859,19519,21161,23460,19816,21603,24162,s3://human-pangenomics/working/HPRC/HG03831/raw_data/PacBio_HiFi/deepconsensus/v1pt2/HG03831.m64136_210618_184849.dc.q20.fastq.gz,HPRC_DEEPCONSENSUS_v1pt2,unaligned reads,,13.65,
HG03834,SRR26545318,SRP305758,PRJNA701308,SAMN33621958,HG03834_lib1_dc,PacBio HiFi sequencing of HG03834 rebasecalled with DeepConsensus v1.2,WGS,GENOMIC,size fractionation,single,PACBIO_SMRT,Sequel II,HiFi sequencing of 20kb fractionated gDNA,fastq,Megaruptor 1,SageELF,deepconsensus,1.2,P2,C2,Washington University,tgraves@wustl.edu,HG03834.m64043_220107_191226.dc.q20.fastq.gz,2114567,44246676139,44.25,150,62360,20924,18862,20336,22383,19105,20700,22939,s3://human-pangenomics/working/HPRC/HG03834/raw_data/PacBio_HiFi/deepconsensus/v1pt2/HG03834.m64043_220107_191226.dc.q20.fastq.gz,HPRC_DEEPCONSENSUS_v1pt2_2023_08_q20,unaligned reads,,14.27,
HG03834,SRR26545318,SRP305758,PRJNA701308,SAMN33621958,HG03834_lib1_dc,PacBio HiFi sequencing of HG03834 rebasecalled with DeepConsensus v1.2,WGS,GENOMIC,size fractionation,single,PACBIO_SMRT,Sequel II,HiFi sequencing of 20kb fractionated gDNA,fastq,Megaruptor 1,SageELF,deepconsensus,1.2,P2,C2,Washington University,tgraves@wustl.edu,HG03834.m64043_220109_060731.dc.q20.fastq.gz,2144359,44856751278,44.86,633,59137,20918,18857,20329,22373,19099,20689,22932,s3://human-pangenomics/working/HPRC/HG03834/raw_data/PacBio_HiFi/deepconsensus/v1pt2/HG03834.m64043_220109_060731.dc.q20.fastq.gz,HPRC_DEEPCONSENSUS_v1pt2_2023_08_q20,unaligned reads,,14.47,
HG03834,SRR26545318,SRP305758,PRJNA701308,SAMN33621958,HG03834_lib1_dc,PacBio HiFi sequencing of HG03834 rebasecalled with DeepConsensus v1.2,WGS,GENOMIC,size fractionation,single,PACBIO_SMRT,Sequel II,HiFi sequencing of 20kb fractionated gDNA,fastq,Megaruptor 1,SageELF,deepconsensus,1.2,P2,C2,Washington University,tgraves@wustl.edu,HG03834.m64043_220110_170603.dc.q20.fastq.gz,2072948,43314020799,43.31,218,68202,20894,18845,20311,22338,19086,20669,22889,s3://human-pangenomics/working/HPRC/HG03834/raw_data/PacBio_HiFi/deepconsensus/v1pt2/HG03834.m64043_220110_170603.dc.q20.fastq.gz,HPRC_DEEPCONSENSUS_v1pt2_2023_08_q20,unaligned reads,,13.97,
HG03927,SRR25618914,SRP305758,PRJNA701308,SAMN26267386,HG03927a.HFSS_dc,PacBio HiFi sequencing of HG03927 rebasecalled with DeepConsensus v1.2,WGS,GENOMIC,size fractionation,single,PACBIO_SMRT,Sequel II,HiFi sequencing of 20kb fractionated gDNA,fastq,Megaruptor 3,PippinHT,deepconsensus,1.2,P2.2,C2,University of Washington,kmiyamot@uw.edu,HG03927.m54329U_210522_083046.dc.q20.fastq.gz,2140590,34397874058,34.4,48,49389,16069,13351,15559,18350,14025,16442,19413,s3://human-pangenomics/working/HPRC/HG03927/raw_data/PacBio_HiFi/deepconsensus/v1pt2/HG03927.m54329U_210522_083046.dc.q20.fastq.gz,HPRC_DEEPCONSENSUS_v1pt2,unaligned reads,,11.1,
HG03927,SRR25618914,SRP305758,PRJNA701308,SAMN26267386,HG03927a.HFSS_dc,PacBio HiFi sequencing of HG03927 rebasecalled with DeepConsensus v1.2,WGS,GENOMIC,size fractionation,single,PACBIO_SMRT,Sequel II,HiFi sequencing of 20kb fractionated gDNA,fastq,Megaruptor 3,PippinHT,deepconsensus,1.2,P2.2,C2,University of Washington,kmiyamot@uw.edu,HG03927.m64076_210514_222349.dc.q20.fastq.gz,2028143,31720336234,31.72,47,47378,15640,12968,15084,17814,13607,15946,18904,s3://human-pangenomics/working/HPRC/HG03927/raw_data/PacBio_HiFi/deepconsensus/v1pt2/HG03927.m64076_210514_222349.dc.q20.fastq.gz,HPRC_DEEPCONSENSUS_v1pt2,unaligned reads,,10.23,
HG03927,SRR25618914,SRP305758,PRJNA701308,SAMN26267386,HG03927a.HFSS_dc,PacBio HiFi sequencing of HG03927 rebasecalled with DeepConsensus v1.2,WGS,GENOMIC,size fractionation,single,PACBIO_SMRT,Sequel II,HiFi sequencing of 20kb fractionated gDNA,fastq,Megaruptor 3,PippinHT,deepconsensus,1.2,P2.2,C2,University of Washington,kmiyamot@uw.edu,HG03927.m64076_210517_210115.dc.q20.fastq.gz,2321709,36193735293,36.19,44,48961,15589,12891,15018,17781,13539,15896,18898,s3://human-pangenomics/working/HPRC/HG03927/raw_data/PacBio_HiFi/deepconsensus/v1pt2/HG03927.m64076_210517_210115.dc.q20.fastq.gz,HPRC_DEEPCONSENSUS_v1pt2,unaligned reads,,11.68,
HG03927,SRR25618914,SRP305758,PRJNA701308,SAMN26267386,HG03927a.HFSS_dc,PacBio HiFi sequencing of HG03927 rebasecalled with DeepConsensus v1.2,WGS,GENOMIC,size fractionation,single,PACBIO_SMRT,Sequel II,HiFi sequencing of 20kb fractionated gDNA,fastq,Megaruptor 3,PippinHT,deepconsensus,1.2,P2.2,C2,University of Washington,kmiyamot@uw.edu,HG03927.m64076_210519_075634.dc.q20.fastq.gz,2187729,34057400529,34.06,46,50092,15567,12928,15019,17713,13556,15865,18780,s3://human-pangenomics/working/HPRC/HG03927/raw_data/PacBio_HiFi/deepconsensus/v1pt2/HG03927.m64076_210519_075634.dc.q20.fastq.gz,HPRC_DEEPCONSENSUS_v1pt2,unaligned reads,,10.99,
HG03942,SRR30729267,SRP305758,PRJNA701308,SAMN26267387,HG03942a.HFSS_dc_m54329U_210507_224951,PacBio HiFi sequencing of HG03942 rebasecalled with DeepConsensus v1.2,WGS,GENOMIC,size fractionation,single,PACBIO_SMRT,Sequel II,HiFi sequencing of 20kb fractionated gDNA,fastq,Megaruptor 3,PippinHT,deepconsensus,1.2,P2.2,C2,University of Washington,kmiyamot@uw.edu,HG03942.m54329U_210507_224951.dc.q20.fastq.gz,198145,3970007929,3.97,336,53621,20035,16768,19231,22571,17402,20195,23819,s3://human-pangenomics/working/HPRC/HG03942/raw_data/PacBio_HiFi/deepconsensus/v1pt2/HG03942.m54329U_210507_224951.dc.q20.fastq.gz,HPRC_DEEPCONSENSUS_v1pt2_2024_02_q20_re-run,unaligned reads,,1.28,0.767261
HG03942,SRR30729268,SRP305758,PRJNA701308,SAMN26267387,HG03942.HFSS_dc_m54329U_210613_071322,PacBio HiFi sequencing of HG03942 rebasecalled with DeepConsensus v1.2,WGS,GENOMIC,size fractionation,single,PACBIO_SMRT,Sequel II,HiFi sequencing of 20kb fractionated gDNA,fastq,Megaruptor 3,PippinHT,deepconsensus,1.2,P2.2,C2,University of Washington,kmiyamot@uw.edu,HG03942.m54329U_210613_071322.dc.q20.fastq.gz,1315916,23776261746,23.78,642,53918,18068,15472,17384,20066,15899,18071,20987,s3://human-pangenomics/working/HPRC/HG03942/raw_data/PacBio_HiFi/deepconsensus/v1pt2/HG03942.m54329U_210613_071322.dc.q20.fastq.gz,HPRC_DEEPCONSENSUS_v1pt2_2024_02_q20_re-run,unaligned reads,,7.67,0.601056
HG03942,SRR30729271,SRP305758,PRJNA701308,SAMN26267387,HG03942.HFSS_dc_m64076_210606_095247,PacBio HiFi sequencing of HG03942 rebasecalled with DeepConsensus v1.2,WGS,GENOMIC,size fractionation,single,PACBIO_SMRT,Sequel II,HiFi sequencing of 20kb fractionated gDNA,fastq,Megaruptor 3,PippinHT,deepconsensus,1.2,P2.2,C2,University of Washington,kmiyamot@uw.edu,HG03942.m64076_210606_095247.dc.q20.fastq.gz,1943263,36499436890,36.5,84,55434,18782,16041,18191,21009,16546,18938,21898,s3://human-pangenomics/working/HPRC/HG03942/raw_data/PacBio_HiFi/deepconsensus/v1pt2/HG03942.m64076_210606_095247.dc.q20.fastq.gz,HPRC_DEEPCONSENSUS_v1pt2_2024_02_q20_re-run,unaligned reads,,11.77,0.567171
HG03942,SRR30729269,SRP305758,PRJNA701308,SAMN26267387,HG03942.HFSS_dc_m64076_210612_093800,PacBio HiFi sequencing of HG03942 rebasecalled with DeepConsensus v1.2,WGS,GENOMIC,size fractionation,single,PACBIO_SMRT,Sequel II,HiFi sequencing of 20kb fractionated gDNA,fastq,Megaruptor 3,PippinHT,deepconsensus,1.2,P2.2,C2,University of Washington,kmiyamot@uw.edu,HG03942.m64076_210612_093800.dc.q20.fastq.gz,1613922,31091222865,31.09,86,63874,19264,16403,18739,21656,16983,19541,22560,s3://human-pangenomics/working/HPRC/HG03942/raw_data/PacBio_HiFi/deepconsensus/v1pt2/HG03942.m64076_210612_093800.dc.q20.fastq.gz,HPRC_DEEPCONSENSUS_v1pt2_2024_02_q20_re-run,unaligned reads,,10.03,0.596678
HG03942,SRR30729270,SRP305758,PRJNA701308,SAMN26267387,HG03942.HFSS_dc_m64076_210615_181342,PacBio HiFi sequencing of HG03942 rebasecalled with DeepConsensus v1.2,WGS,GENOMIC,size fractionation,single,PACBIO_SMRT,Sequel II,HiFi sequencing of 20kb fractionated gDNA,fastq,Megaruptor 3,PippinHT,deepconsensus,1.2,P2.2,C2,University of Washington,kmiyamot@uw.edu,HG03942.m64076_210615_181342.dc.q20.fastq.gz,1809511,34155715510,34.16,86,53131,18875,16125,18302,21131,16642,19052,22016,s3://human-pangenomics/working/HPRC/HG03942/raw_data/PacBio_HiFi/deepconsensus/v1pt2/HG03942.m64076_210615_181342.dc.q20.fastq.gz,HPRC_DEEPCONSENSUS_v1pt2_2024_02_q20_re-run,unaligned reads,,11.02,0.594289
HG04115,SRR25618913,SRP305758,PRJNA701308,SAMN26267388,HG04115.HFSS_dc,PacBio HiFi sequencing of HG04115 rebasecalled with DeepConsensus v1.2,WGS,GENOMIC,size fractionation,single,PACBIO_SMRT,Sequel II,HiFi sequencing of 20kb fractionated gDNA,fastq,Megaruptor 3,PippinHT,deepconsensus,1.2,P2.2,C2,University of Washington,kmiyamot@uw.edu,HG04115.m64076_210623_104349.dc.q20.fastq.gz,1969860,39828554659,39.83,45,50726,20218,16350,19530,23396,17479,20916,25013,s3://human-pangenomics/working/HPRC/HG04115/raw_data/PacBio_HiFi/deepconsensus/v1pt2/HG04115.m64076_210623_104349.dc.q20.fastq.gz,HPRC_DEEPCONSENSUS_v1pt2,unaligned reads,,12.85,
HG04115,SRR25618913,SRP305758,PRJNA701308,SAMN26267388,HG04115.HFSS_dc,PacBio HiFi sequencing of HG04115 rebasecalled with DeepConsensus v1.2,WGS,GENOMIC,size fractionation,single,PACBIO_SMRT,Sequel II,HiFi sequencing of 20kb fractionated gDNA,fastq,Megaruptor 3,PippinHT,deepconsensus,1.2,P2.2,C2,University of Washington,kmiyamot@uw.edu,HG04115.m64076_210625_220013.dc.q20.fastq.gz,1598216,34568000439,34.57,43,50979,21629,17636,21075,25101,18862,22513,26648,s3://human-pangenomics/working/HPRC/HG04115/raw_data/PacBio_HiFi/deepconsensus/v1pt2/HG04115.m64076_210625_220013.dc.q20.fastq.gz,HPRC_DEEPCONSENSUS_v1pt2,unaligned reads,,11.15,
HG04115,SRR25618913,SRP305758,PRJNA701308,SAMN26267388,HG04115.HFSS_dc,PacBio HiFi sequencing of HG04115 rebasecalled with DeepConsensus v1.2,WGS,GENOMIC,size fractionation,single,PACBIO_SMRT,Sequel II,HiFi sequencing of 20kb fractionated gDNA,fastq,Megaruptor 3,PippinHT,deepconsensus,1.2,P2.2,C2,University of Washington,kmiyamot@uw.edu,HG04115.m64076_210627_085544.dc.q20.fastq.gz,1712919,36767926400,36.77,47,50708,21465,17391,20905,24988,18677,22398,26601,s3://human-pangenomics/working/HPRC/HG04115/raw_data/PacBio_HiFi/deepconsensus/v1pt2/HG04115.m64076_210627_085544.dc.q20.fastq.gz,HPRC_DEEPCONSENSUS_v1pt2,unaligned reads,,11.86,
HG04184,SRR25618912,SRP305758,PRJNA701308,SAMN26267397,HG04184.HFSS_dc,PacBio HiFi sequencing of HG04184 rebasecalled with DeepConsensus v1.2,WGS,GENOMIC,size fractionation,single,PACBIO_SMRT,Sequel II,HiFi sequencing of 20kb fractionated gDNA,fastq,Megaruptor 3,PippinHT,deepconsensus,1.2,P2.2,C2,University of Washington,kmiyamot@uw.edu,HG04184.m64076_210701_234028.dc.q20.fastq.gz,1483000,29556828837,29.56,37,49693,19930,16822,19355,22551,17489,20269,23590,s3://human-pangenomics/working/HPRC/HG04184/raw_data/PacBio_HiFi/deepconsensus/v1pt2/HG04184.m64076_210701_234028.dc.q20.fastq.gz,HPRC_DEEPCONSENSUS_v1pt2,unaligned reads,,9.53,
HG04184,SRR25618912,SRP305758,PRJNA701308,SAMN26267397,HG04184.HFSS_dc,PacBio HiFi sequencing of HG04184 rebasecalled with DeepConsensus v1.2,WGS,GENOMIC,size fractionation,single,PACBIO_SMRT,Sequel II,HiFi sequencing of 20kb fractionated gDNA,fastq,Megaruptor 3,PippinHT,deepconsensus,1.2,P2.2,C2,University of Washington,kmiyamot@uw.edu,HG04184.m64076_210708_084125.dc.q20.fastq.gz,1843083,34306159556,34.31,43,50256,18613,15733,17850,20816,16240,18660,21911,s3://human-pangenomics/working/HPRC/HG04184/raw_data/PacBio_HiFi/deepconsensus/v1pt2/HG04184.m64076_210708_084125.dc.q20.fastq.gz,HPRC_DEEPCONSENSUS_v1pt2,unaligned reads,,11.07,
HG04184,SRR25618912,SRP305758,PRJNA701308,SAMN26267397,HG04184.HFSS_dc,PacBio HiFi sequencing of HG04184 rebasecalled with DeepConsensus v1.2,WGS,GENOMIC,size fractionation,single,PACBIO_SMRT,Sequel II,HiFi sequencing of 20kb fractionated gDNA,fastq,Megaruptor 3,PippinHT,deepconsensus,1.2,P2.2,C2,University of Washington,kmiyamot@uw.edu,HG04184.m64076_210709_232529.dc.q20.fastq.gz,1779380,33085391912,33.09,3,49442,18593,15718,17832,20796,16226,18643,21884,s3://human-pangenomics/working/HPRC/HG04184/raw_data/PacBio_HiFi/deepconsensus/v1pt2/HG04184.m64076_210709_232529.dc.q20.fastq.gz,HPRC_DEEPCONSENSUS_v1pt2,unaligned reads,,10.67,
HG04184,SRR25618912,SRP305758,PRJNA701308,SAMN26267397,HG04184.HFSS_dc,PacBio HiFi sequencing of HG04184 rebasecalled with DeepConsensus v1.2,WGS,GENOMIC,size fractionation,single,PACBIO_SMRT,Sequel II,HiFi sequencing of 20kb fractionated gDNA,fastq,Megaruptor 3,PippinHT,deepconsensus,1.2,P2.2,C2,University of Washington,kmiyamot@uw.edu,HG04184.m64076_210712_194121.dc.q20.fastq.gz,1918918,35939818904,35.94,47,49417,18729,15807,17972,20981,16333,18802,22084,s3://human-pangenomics/working/HPRC/HG04184/raw_data/PacBio_HiFi/deepconsensus/v1pt2/HG04184.m64076_210712_194121.dc.q20.fastq.gz,HPRC_DEEPCONSENSUS_v1pt2,unaligned reads,,11.59,
HG04187,SRR30729260,SRP305758,PRJNA701308,SAMN37706911,HG04187_PB2_dc_m64055_210509_163848,PacBio HiFi sequencing of HG04187 rebasecalled with DeepConsensus v1.2,WGS,GENOMIC,size fractionation,single,PACBIO_SMRT,Sequel II,HiFi sequencing of 20kb fractionated gDNA,fastq,Megaruptor 3,Pippin HT,deepconsensus,1.2,P2,C2,Rockefeller University,vgl-lab@rockefeller.edu,HG04187.m64055_210509_163848.dc.q20.fastq.gz,916272,15694874017,15.69,45,45555,17129,15787,16956,18303,15974,17171,18558,s3://human-pangenomics/working/HPRC/HG04187/raw_data/PacBio_HiFi/deepconsensus/v1pt2/HG04187.m64055_210509_163848.dc.q20.fastq.gz,HPRC_DEEPCONSENSUS_v1pt2_2024_02_q20_re-run,unaligned reads,,5.06,0.662611
HG04187,SRR30729264,SRP305758,PRJNA701308,SAMN37706911,HG04187_PB2_dc_m64055_210511_013535,PacBio HiFi sequencing of HG04187 rebasecalled with DeepConsensus v1.2,WGS,GENOMIC,size fractionation,single,PACBIO_SMRT,Sequel II,HiFi sequencing of 20kb fractionated gDNA,fastq,Megaruptor 3,Pippin HT,deepconsensus,1.2,P2,C2,Rockefeller University,vgl-lab@rockefeller.edu,HG04187.m64055_210511_013535.dc.q20.fastq.gz,917308,15868929180,15.87,45,41079,17299,15934,17121,18489,16124,17340,18750,s3://human-pangenomics/working/HPRC/HG04187/raw_data/PacBio_HiFi/deepconsensus/v1pt2/HG04187.m64055_210511_013535.dc.q20.fastq.gz,HPRC_DEEPCONSENSUS_v1pt2_2024_02_q20_re-run,unaligned reads,,5.12,0.599564
HG04187,SRR30729263,SRP305758,PRJNA701308,SAMN37706911,HG04187_PB2_dc_m64055_210512_103416,PacBio HiFi sequencing of HG04187 rebasecalled with DeepConsensus v1.2,WGS,GENOMIC,size fractionation,single,PACBIO_SMRT,Sequel II,HiFi sequencing of 20kb fractionated gDNA,fastq,Megaruptor 3,Pippin HT,deepconsensus,1.2,P2,C2,Rockefeller University,vgl-lab@rockefeller.edu,HG04187.m64055_210512_103416.dc.q20.fastq.gz,787156,13654471147,13.65,44,49381,17346,15974,17165,18542,16163,17385,18806,s3://human-pangenomics/working/HPRC/HG04187/raw_data/PacBio_HiFi/deepconsensus/v1pt2/HG04187.m64055_210512_103416.dc.q20.fastq.gz,HPRC_DEEPCONSENSUS_v1pt2_2024_02_q20_re-run,unaligned reads,,4.4,0.637833
HG04187,SRR30729261,SRP305758,PRJNA701308,SAMN37706911,HG04187_PB2_dc_m64055_210514_141159,PacBio HiFi sequencing of HG04187 rebasecalled with DeepConsensus v1.2,WGS,GENOMIC,size fractionation,single,PACBIO_SMRT,Sequel II,HiFi sequencing of 20kb fractionated gDNA,fastq,Megaruptor 3,Pippin HT,deepconsensus,1.2,P2,C2,Rockefeller University,vgl-lab@rockefeller.edu,HG04187.m64055_210514_141159.dc.q20.fastq.gz,839177,14607368770,14.61,45,41269,17406,16034,17225,18602,16224,17444,18865,s3://human-pangenomics/working/HPRC/HG04187/raw_data/PacBio_HiFi/deepconsensus/v1pt2/HG04187.m64055_210514_141159.dc.q20.fastq.gz,HPRC_DEEPCONSENSUS_v1pt2_2024_02_q20_re-run,unaligned reads,,4.71,0.642626
HG04187,SRR30729265,SRP305758,PRJNA701308,SAMN37706911,HG04187_PB2_dc_m64055_210609_194302,PacBio HiFi sequencing of HG04187 rebasecalled with DeepConsensus v1.2,WGS,GENOMIC,size fractionation,single,PACBIO_SMRT,Sequel II,HiFi sequencing of 20kb fractionated gDNA,fastq,Megaruptor 3,Pippin HT,deepconsensus,1.2,P2,C2,Rockefeller University,vgl-lab@rockefeller.edu,HG04187.m64055_210609_194302.dc.q20.fastq.gz,1659845,30018920745,30.02,50,57963,18085,16411,17799,19441,16657,18098,19819,s3://human-pangenomics/working/HPRC/HG04187/raw_data/PacBio_HiFi/deepconsensus/v1pt2/HG04187.m64055_210609_194302.dc.q20.fastq.gz,HPRC_DEEPCONSENSUS_v1pt2_2024_02_q20_re-run,unaligned reads,,9.68,0.581119
HG04187,SRR30729266,SRP305758,PRJNA701308,SAMN37706911,HG04187_PB2_dc_m64055_210611_031318,PacBio HiFi sequencing of HG04187 rebasecalled with DeepConsensus v1.2,WGS,GENOMIC,size fractionation,single,PACBIO_SMRT,Sequel II,HiFi sequencing of 20kb fractionated gDNA,fastq,Megaruptor 3,Pippin HT,deepconsensus,1.2,P2,C2,Rockefeller University,vgl-lab@rockefeller.edu,HG04187.m64055_210611_031318.dc.q20.fastq.gz,1686961,30458777770,30.46,49,60729,18055,16385,17772,19409,16634,18071,19785,s3://human-pangenomics/working/HPRC/HG04187/raw_data/PacBio_HiFi/deepconsensus/v1pt2/HG04187.m64055_210611_031318.dc.q20.fastq.gz,HPRC_DEEPCONSENSUS_v1pt2_2024_02_q20_re-run,unaligned reads,,9.83,0.546767
HG04199,SRR25618911,SRP305758,PRJNA701308,SAMN26267389,HG04199.HFSS_dc,PacBio HiFi sequencing of HG04199 rebasecalled with DeepConsensus v1.2,WGS,GENOMIC,size fractionation,single,PACBIO_SMRT,Sequel II,HiFi sequencing of 20kb fractionated gDNA,fastq,Megaruptor 3,PippinHT,deepconsensus,1.2,P2.2,C2,University of Washington,kmiyamot@uw.edu,HG04199.m54329U_210614_155303.dc.q20.fastq.gz,1382212,25010499813,25.01,781,50354,18094,14393,17292,20961,15438,18677,22676,s3://human-pangenomics/working/HPRC/HG04199/raw_data/PacBio_HiFi/deepconsensus/v1pt2/HG04199.m54329U_210614_155303.dc.q20.fastq.gz,HPRC_DEEPCONSENSUS_v1pt2,unaligned reads,,8.07,
HG04199,SRR25618911,SRP305758,PRJNA701308,SAMN26267389,HG04199.HFSS_dc,PacBio HiFi sequencing of HG04199 rebasecalled with DeepConsensus v1.2,WGS,GENOMIC,size fractionation,single,PACBIO_SMRT,Sequel II,HiFi sequencing of 20kb fractionated gDNA,fastq,Megaruptor 3,PippinHT,deepconsensus,1.2,P2.2,C2,University of Washington,kmiyamot@uw.edu,HG04199.m54329U_210620_071842.dc.q20.fastq.gz,1679498,30401978719,30.4,71,50997,18101,14407,17317,20961,15460,18681,22674,s3://human-pangenomics/working/HPRC/HG04199/raw_data/PacBio_HiFi/deepconsensus/v1pt2/HG04199.m54329U_210620_071842.dc.q20.fastq.gz,HPRC_DEEPCONSENSUS_v1pt2,unaligned reads,,9.81,
HG04199,SRR25618911,SRP305758,PRJNA701308,SAMN26267389,HG04199.HFSS_dc,PacBio HiFi sequencing of HG04199 rebasecalled with DeepConsensus v1.2,WGS,GENOMIC,size fractionation,single,PACBIO_SMRT,Sequel II,HiFi sequencing of 20kb fractionated gDNA,fastq,Megaruptor 3,PippinHT,deepconsensus,1.2,P2.2,C2,University of Washington,kmiyamot@uw.edu,HG04199.m54329U_210621_233920.dc.q20.fastq.gz,1296978,23827969734,23.83,548,51028,18371,14603,17571,21305,15688,18969,23054,s3://human-pangenomics/working/HPRC/HG04199/raw_data/PacBio_HiFi/deepconsensus/v1pt2/HG04199.m54329U_210621_233920.dc.q20.fastq.gz,HPRC_DEEPCONSENSUS_v1pt2,unaligned reads,,7.69,
HG04199,SRR25618911,SRP305758,PRJNA701308,SAMN26267389,HG04199.HFSS_dc,PacBio HiFi sequencing of HG04199 rebasecalled with DeepConsensus v1.2,WGS,GENOMIC,size fractionation,single,PACBIO_SMRT,Sequel II,HiFi sequencing of 20kb fractionated gDNA,fastq,Megaruptor 3,PippinHT,deepconsensus,1.2,P2.2,C2,University of Washington,kmiyamot@uw.edu,HG04199.m64076_210613_183806.dc.q20.fastq.gz,1824114,36914912668,36.91,45,50248,20237,16434,19693,23507,17613,21074,25007,s3://human-pangenomics/working/HPRC/HG04199/raw_data/PacBio_HiFi/deepconsensus/v1pt2/HG04199.m64076_210613_183806.dc.q20.fastq.gz,HPRC_DEEPCONSENSUS_v1pt2,unaligned reads,,11.91,
HG04204,SRR30729256,SRP305758,PRJNA701308,SAMN26267390,HG04204.HFSS_dc_m54329U_210507_224951,PacBio HiFi sequencing of HG04204 rebasecalled with DeepConsensus v1.2,WGS,GENOMIC,size fractionation,single,PACBIO_SMRT,Sequel II,HiFi sequencing of 20kb fractionated gDNA,fastq,Megaruptor 3,PippinHT,deepconsensus,1.2,P2.2,C2,University of Washington,kmiyamot@uw.edu,HG04204.m54329U_210507_224951.dc.q20.fastq.gz,252112,4910391705,4.91,542,48772,19477,16491,18735,21810,17021,19578,22871,s3://human-pangenomics/working/HPRC/HG04204/raw_data/PacBio_HiFi/deepconsensus/v1pt2/HG04204.m54329U_210507_224951.dc.q20.fastq.gz,HPRC_DEEPCONSENSUS_v1pt2_2024_02_q20_re-run,unaligned reads,,1.58,0.737735
HG04204,SRR30729257,SRP305758,PRJNA701308,SAMN26267390,HG04204.HFSS_dc_m54329U_210514_222517,PacBio HiFi sequencing of HG04204 rebasecalled with DeepConsensus v1.2,WGS,GENOMIC,size fractionation,single,PACBIO_SMRT,Sequel II,HiFi sequencing of 20kb fractionated gDNA,fastq,Megaruptor 3,PippinHT,deepconsensus,1.2,P2.2,C2,University of Washington,kmiyamot@uw.edu,HG04204.m54329U_210514_222517.dc.q20.fastq.gz,1815480,35352101152,35.35,638,63478,19472,16478,18729,21808,17016,19576,22872,s3://human-pangenomics/working/HPRC/HG04204/raw_data/PacBio_HiFi/deepconsensus/v1pt2/HG04204.m54329U_210514_222517.dc.q20.fastq.gz,HPRC_DEEPCONSENSUS_v1pt2_2024_02_q20_re-run,unaligned reads,,11.4,0.59253
HG04204,SRR30729258,SRP305758,PRJNA701308,SAMN26267390,HG04204.HFSS_dc_m54329U_210517_210109,PacBio HiFi sequencing of HG04204 rebasecalled with DeepConsensus v1.2,WGS,GENOMIC,size fractionation,single,PACBIO_SMRT,Sequel II,HiFi sequencing of 20kb fractionated gDNA,fastq,Megaruptor 3,PippinHT,deepconsensus,1.2,P2.2,C2,University of Washington,kmiyamot@uw.edu,HG04204.m54329U_210517_210109.dc.q20.fastq.gz,1673293,32572167328,32.57,578,63095,19465,16511,18742,21766,17039,19563,22807,s3://human-pangenomics/working/HPRC/HG04204/raw_data/PacBio_HiFi/deepconsensus/v1pt2/HG04204.m54329U_210517_210109.dc.q20.fastq.gz,HPRC_DEEPCONSENSUS_v1pt2_2024_02_q20_re-run,unaligned reads,,10.51,0.591523
HG04204,SRR30729259,SRP305758,PRJNA701308,SAMN26267390,HG04204.HFSS_dc_m54329U_210519_065152,PacBio HiFi sequencing of HG04204 rebasecalled with DeepConsensus v1.2,WGS,GENOMIC,size fractionation,single,PACBIO_SMRT,Sequel II,HiFi sequencing of 20kb fractionated gDNA,fastq,Megaruptor 3,PippinHT,deepconsensus,1.2,P2.2,C2,University of Washington,kmiyamot@uw.edu,HG04204.m54329U_210519_065152.dc.q20.fastq.gz,1890670,37252835775,37.25,178,58428,19703,16658,18998,22115,17229,19864,23172,s3://human-pangenomics/working/HPRC/HG04204/raw_data/PacBio_HiFi/deepconsensus/v1pt2/HG04204.m54329U_210519_065152.dc.q20.fastq.gz,HPRC_DEEPCONSENSUS_v1pt2_2024_02_q20_re-run,unaligned reads,,12.02,0.588998
HG04228,SRR30729250,SRP305758,PRJNA701308,SAMN26267391,HG04228a.HFSS_dc_m54329U_210507_224951,PacBio HiFi sequencing of HG04228 rebasecalled with DeepConsensus v1.2,WGS,GENOMIC,size fractionation,single,PACBIO_SMRT,Sequel II,HiFi sequencing of 20kb fractionated gDNA,fastq,Megaruptor 3,PippinHT,deepconsensus,1.2,P2.2,C2,University of Washington,kmiyamot@uw.edu,HG04228.m54329U_210507_224951.dc.q20.fastq.gz,226676,4527286670,4.53,573,56431,19972,16650,19166,22582,17327,20185,23840,s3://human-pangenomics/working/HPRC/HG04228/raw_data/PacBio_HiFi/deepconsensus/v1pt2/HG04228.m54329U_210507_224951.dc.q20.fastq.gz,HPRC_DEEPCONSENSUS_v1pt2_2024_02_q20_re-run,unaligned reads,,1.46,0.740694
HG04228,SRR30729253,SRP305758,PRJNA701308,SAMN26267391,HG04228.HFSS_dc_m54329U_210725_100455,PacBio HiFi sequencing of HG04228 rebasecalled with DeepConsensus v1.2,WGS,GENOMIC,size fractionation,single,PACBIO_SMRT,Sequel II,HiFi sequencing of 20kb fractionated gDNA,fastq,Megaruptor 3,PippinHT,deepconsensus,1.2,P2.2,C2,University of Washington,kmiyamot@uw.edu,HG04228.m54329U_210725_100455.dc.q20.fastq.gz,2268106,42621105075,42.62,578,61750,18791,15786,17997,21065,16328,18867,22197,s3://human-pangenomics/working/HPRC/HG04228/raw_data/PacBio_HiFi/deepconsensus/v1pt2/HG04228.m54329U_210725_100455.dc.q20.fastq.gz,HPRC_DEEPCONSENSUS_v1pt2_2024_02_q20_re-run,unaligned reads,,13.75,0.57523
HG04228,SRR30729252,SRP305758,PRJNA701308,SAMN26267391,HG04228.HFSS_dc_m64076_210617_050849,PacBio HiFi sequencing of HG04228 rebasecalled with DeepConsensus v1.2,WGS,GENOMIC,size fractionation,single,PACBIO_SMRT,Sequel II,HiFi sequencing of 20kb fractionated gDNA,fastq,Megaruptor 3,PippinHT,deepconsensus,1.2,P2.2,C2,University of Washington,kmiyamot@uw.edu,HG04228.m64076_210617_050849.dc.q20.fastq.gz,2017810,38949712736,38.95,86,61221,19302,16243,18614,21707,16849,19500,22784,s3://human-pangenomics/working/HPRC/HG04228/raw_data/PacBio_HiFi/deepconsensus/v1pt2/HG04228.m64076_210617_050849.dc.q20.fastq.gz,HPRC_DEEPCONSENSUS_v1pt2_2024_02_q20_re-run,unaligned reads,,12.56,0.577116
HG04228,SRR30729254,SRP305758,PRJNA701308,SAMN26267391,HG04228.HFSS_dc_m64076_210618_160639,PacBio HiFi sequencing of HG04228 rebasecalled with DeepConsensus v1.2,WGS,GENOMIC,size fractionation,single,PACBIO_SMRT,Sequel II,HiFi sequencing of 20kb fractionated gDNA,fastq,Megaruptor 3,PippinHT,deepconsensus,1.2,P2.2,C2,University of Washington,kmiyamot@uw.edu,HG04228.m64076_210618_160639.dc.q20.fastq.gz,1806242,34894049946,34.89,233,61779,19318,16273,18640,21731,16875,19522,22798,s3://human-pangenomics/working/HPRC/HG04228/raw_data/PacBio_HiFi/deepconsensus/v1pt2/HG04228.m64076_210618_160639.dc.q20.fastq.gz,HPRC_DEEPCONSENSUS_v1pt2_2024_02_q20_re-run,unaligned reads,,11.25,0.574762
HG04228,SRR30729255,SRP305758,PRJNA701308,SAMN26267391,HG04228.HFSS_dc_m64076_210620_030428,PacBio HiFi sequencing of HG04228 rebasecalled with DeepConsensus v1.2,WGS,GENOMIC,size fractionation,single,PACBIO_SMRT,Sequel II,HiFi sequencing of 20kb fractionated gDNA,fastq,Megaruptor 3,PippinHT,deepconsensus,1.2,P2.2,C2,University of Washington,kmiyamot@uw.edu,HG04228.m64076_210620_030428.dc.q20.fastq.gz,1793065,35665662387,35.67,86,56985,19890,16712,19280,22470,17397,20216,23538,s3://human-pangenomics/working/HPRC/HG04228/raw_data/PacBio_HiFi/deepconsensus/v1pt2/HG04228.m64076_210620_030428.dc.q20.fastq.gz,HPRC_DEEPCONSENSUS_v1pt2_2024_02_q20_re-run,unaligned reads,,11.51,0.569246
NA18522,SRR26545316,SRP305758,PRJNA701308,SAMN33758796,NA18522.HFSS_dc,PacBio HiFi sequencing of NA18522 rebasecalled with DeepConsensus v1.2,WGS,GENOMIC,size fractionation,single,PACBIO_SMRT,Sequel II,HiFi sequencing of 20kb fractionated gDNA,fastq,Megaruptor 1,SageELF,deepconsensus,1.2,P2,C2,Washington University,tgraves@wustl.edu,NA18522.m54329U_220604_002013.dc.q20.fastq.gz,2314654,47365852194,47.37,171,62626,20463,16975,19663,23257,17726,20761,24609,s3://human-pangenomics/working/HPRC/NA18522/raw_data/PacBio_HiFi/deepconsensus/v1pt2/NA18522.m54329U_220604_002013.dc.q20.fastq.gz,HPRC_DEEPCONSENSUS_v1pt2_2023_08_q20,unaligned reads,,15.28,
NA18522,SRR26545316,SRP305758,PRJNA701308,SAMN33758796,NA18522.HFSS_dc,PacBio HiFi sequencing of NA18522 rebasecalled with DeepConsensus v1.2,WGS,GENOMIC,size fractionation,single,PACBIO_SMRT,Sequel II,HiFi sequencing of 20kb fractionated gDNA,fastq,Megaruptor 1,SageELF,deepconsensus,1.2,P2,C2,Washington University,tgraves@wustl.edu,NA18522.m54329U_220605_194957.dc.q20.fastq.gz,2369316,48379025716,48.38,258,63653,20418,16944,19621,23198,17687,20710,24542,s3://human-pangenomics/working/HPRC/NA18522/raw_data/PacBio_HiFi/deepconsensus/v1pt2/NA18522.m54329U_220605_194957.dc.q20.fastq.gz,HPRC_DEEPCONSENSUS_v1pt2_2023_08_q20,unaligned reads,,15.61,
NA18522,SRR26545316,SRP305758,PRJNA701308,SAMN33758796,NA18522.HFSS_dc,PacBio HiFi sequencing of NA18522 rebasecalled with DeepConsensus v1.2,WGS,GENOMIC,size fractionation,single,PACBIO_SMRT,Sequel II,HiFi sequencing of 20kb fractionated gDNA,fastq,Megaruptor 1,SageELF,deepconsensus,1.2,P2,C2,Washington University,tgraves@wustl.edu,NA18522.m54329U_220607_194753.dc.q20.fastq.gz,2606914,52778863034,52.78,151,68821,20245,16787,19423,22963,17515,20503,24336,s3://human-pangenomics/working/HPRC/NA18522/raw_data/PacBio_HiFi/deepconsensus/v1pt2/NA18522.m54329U_220607_194753.dc.q20.fastq.gz,HPRC_DEEPCONSENSUS_v1pt2_2023_08_q20,unaligned reads,,17.03,
NA18570,SRR30729241,SRP305758,PRJNA701308,SAMN37797086,NA18570_PB1_dc_m64330e_220821_125227,PacBio HiFi sequencing of NA18570 rebasecalled with DeepConsensus v1.2,WGS,GENOMIC,size fractionation,single,PACBIO_SMRT,Sequel II,HiFi sequencing of 20kb fractionated gDNA,fastq,Megaruptor 3,Pippin HT,deepconsensus,1.2,P2,C2,Rockefeller University,vgl-lab@rockefeller.edu,NA18570.m64330e_220821_125227.dc.q20.fastq.gz,2438122,53070245312,53.07,141,97237,21766,16922,20579,25372,18312,22525,27803,s3://human-pangenomics/working/HPRC/NA18570/raw_data/PacBio_HiFi/deepconsensus/v1pt2/NA18570.m64330e_220821_125227.dc.q20.fastq.gz,HPRC_DEEPCONSENSUS_v1pt2_2024_02_q20_re-run,unaligned reads,,17.12,0.577168
NA18570,SRR30729243,SRP305758,PRJNA701308,SAMN37797086,NA18570_PB1_dc_m64334e_220815_142753,PacBio HiFi sequencing of NA18570 rebasecalled with DeepConsensus v1.2,WGS,GENOMIC,size fractionation,single,PACBIO_SMRT,Sequel II,HiFi sequencing of 20kb fractionated gDNA,fastq,Megaruptor 3,Pippin HT,deepconsensus,1.2,P2,C2,Rockefeller University,vgl-lab@rockefeller.edu,NA18570.m64334e_220815_142753.dc.q20.fastq.gz,2382246,50918044014,50.92,81,88419,21373,16647,20129,24750,17944,21980,27226,s3://human-pangenomics/working/HPRC/NA18570/raw_data/PacBio_HiFi/deepconsensus/v1pt2/NA18570.m64334e_220815_142753.dc.q20.fastq.gz,HPRC_DEEPCONSENSUS_v1pt2_2024_02_q20_re-run,unaligned reads,,16.43,0.550549
NA18570,SRR30729242,SRP305758,PRJNA701308,SAMN37797086,NA18570_PB1_dc_m64334e_220821_130100,PacBio HiFi sequencing of NA18570 rebasecalled with DeepConsensus v1.2,WGS,GENOMIC,size fractionation,single,PACBIO_SMRT,Sequel II,HiFi sequencing of 20kb fractionated gDNA,fastq,Megaruptor 3,Pippin HT,deepconsensus,1.2,P2,C2,Rockefeller University,vgl-lab@rockefeller.edu,NA18570.m64334e_220821_130100.dc.q20.fastq.gz,2072389,51739623434,51.74,86,95019,24966,19568,24093,29446,21410,26284,31858,s3://human-pangenomics/working/HPRC/NA18570/raw_data/PacBio_HiFi/deepconsensus/v1pt2/NA18570.m64334e_220821_130100.dc.q20.fastq.gz,HPRC_DEEPCONSENSUS_v1pt2_2024_02_q20_re-run,unaligned reads,,16.69,0.553393
NA18612,SRR26545315,SRP305758,PRJNA701308,SAMN33621960,NA18612_lib1_dc,PacBio HiFi sequencing of NA18612 rebasecalled with DeepConsensus v1.2,WGS,GENOMIC,size fractionation,single,PACBIO_SMRT,Sequel II,HiFi sequencing of 22kb fractionated gDNA rebasecalled using DeepConsensus,fastq.gz,Megaruptor 1,SageELF,deepconsensus,1.2,P2,C2,Washington University,tgraves@wustl.edu,NA18612.m64043_220708_205637.dc.q20.fastq.gz,2088141,40178243656,40.18,216,69844,19241,16790,18449,20987,17142,19004,21971,s3://human-pangenomics/working/HPRC/NA18612/raw_data/PacBio_HiFi/deepconsensus/v1pt2/NA18612.m64043_220708_205637.dc.q20.fastq.gz,HPRC_DEEPCONSENSUS_v1pt2_2023_08_q20,unaligned reads,,12.96,
NA18612,SRR26545315,SRP305758,PRJNA701308,SAMN33621960,NA18612_lib1_dc,PacBio HiFi sequencing of NA18612 rebasecalled with DeepConsensus v1.2,WGS,GENOMIC,size fractionation,single,PACBIO_SMRT,Sequel II,HiFi sequencing of 22kb fractionated gDNA rebasecalled using DeepConsensus,fastq.gz,Megaruptor 1,SageELF,deepconsensus,1.2,P2,C2,Washington University,tgraves@wustl.edu,NA18612.m64043_220710_175250.dc.q20.fastq.gz,2276997,43921276073,43.92,94,62025,19289,16821,18492,21053,17177,19055,22042,s3://human-pangenomics/working/HPRC/NA18612/raw_data/PacBio_HiFi/deepconsensus/v1pt2/NA18612.m64043_220710_175250.dc.q20.fastq.gz,HPRC_DEEPCONSENSUS_v1pt2_2023_08_q20,unaligned reads,,14.17,
NA18612,SRR26545315,SRP305758,PRJNA701308,SAMN33621960,NA18612_lib1_dc,PacBio HiFi sequencing of NA18612 rebasecalled with DeepConsensus v1.2,WGS,GENOMIC,size fractionation,single,PACBIO_SMRT,Sequel II,HiFi sequencing of 22kb fractionated gDNA rebasecalled using DeepConsensus,fastq.gz,Megaruptor 1,SageELF,deepconsensus,1.2,P2,C2,Washington University,tgraves@wustl.edu,NA18612.m64043_220712_145025.dc.q20.fastq.gz,2195233,42026657293,42.03,61,55792,19144,16740,18371,20844,17086,18910,21802,s3://human-pangenomics/working/HPRC/NA18612/raw_data/PacBio_HiFi/deepconsensus/v1pt2/NA18612.m64043_220712_145025.dc.q20.fastq.gz,HPRC_DEEPCONSENSUS_v1pt2_2023_08_q20,unaligned reads,,13.56,
NA18747,SRR26545314,SRP305758,PRJNA701308,SAMN33758797,PG18747_1.HFSS_dc,PacBio HiFi sequencing of NA18747 rebasecalled with DeepConsensus v1.2,WGS,GENOMIC,size fractionation,single,PACBIO_SMRT,Sequel II,HiFi sequencing of 20kb fractionated gDNA,fastq,Megaruptor 1,SageELF,deepconsensus,1.2,P2,C2,Washington University,tgraves@wustl.edu,NA18747.m54329U_220823_191353.dc.q20.fastq.gz,2600981,52249233160,52.25,33,79549,20088,17275,19456,22407,17784,20210,23363,s3://human-pangenomics/working/HPRC/NA18747/raw_data/PacBio_HiFi/deepconsensus/v1pt2/NA18747.m54329U_220823_191353.dc.q20.fastq.gz,HPRC_DEEPCONSENSUS_v1pt2_2023_08_q20,unaligned reads,,16.85,
NA18747,SRR26545314,SRP305758,PRJNA701308,SAMN33758797,PG18747_1.HFSS_dc,PacBio HiFi sequencing of NA18747 rebasecalled with DeepConsensus v1.2,WGS,GENOMIC,size fractionation,single,PACBIO_SMRT,Sequel II,HiFi sequencing of 20kb fractionated gDNA,fastq,Megaruptor 1,SageELF,deepconsensus,1.2,P2,C2,Washington University,tgraves@wustl.edu,NA18747.m64076_220826_143529.dc.q20.fastq.gz,1717517,36384789825,36.38,79,94866,21184,17908,20530,23895,18579,21490,24994,s3://human-pangenomics/working/HPRC/NA18747/raw_data/PacBio_HiFi/deepconsensus/v1pt2/NA18747.m64076_220826_143529.dc.q20.fastq.gz,HPRC_DEEPCONSENSUS_v1pt2_2023_08_q20,unaligned reads,,11.74,
NA18747,SRR26545314,SRP305758,PRJNA701308,SAMN33758797,PG18747_1.HFSS_dc,PacBio HiFi sequencing of NA18747 rebasecalled with DeepConsensus v1.2,WGS,GENOMIC,size fractionation,single,PACBIO_SMRT,Sequel II,HiFi sequencing of 20kb fractionated gDNA,fastq,Megaruptor 1,SageELF,deepconsensus,1.2,P2,C2,Washington University,tgraves@wustl.edu,NA18747.m64076_220828_113336.dc.q20.fastq.gz,1831328,38267150734,38.27,310,100381,20895,17663,20204,23537,18304,21151,24660,s3://human-pangenomics/working/HPRC/NA18747/raw_data/PacBio_HiFi/deepconsensus/v1pt2/NA18747.m64076_220828_113336.dc.q20.fastq.gz,HPRC_DEEPCONSENSUS_v1pt2_2023_08_q20,unaligned reads,,12.34,
NA18747,SRR26545314,SRP305758,PRJNA701308,SAMN33758797,PG18747_1.HFSS_dc,PacBio HiFi sequencing of NA18747 rebasecalled with DeepConsensus v1.2,WGS,GENOMIC,size fractionation,single,PACBIO_SMRT,Sequel II,HiFi sequencing of 20kb fractionated gDNA,fastq,Megaruptor 1,SageELF,deepconsensus,1.2,P2,C2,Washington University,tgraves@wustl.edu,NA18747.m64076_221001_041132.dc.q20.fastq.gz,535967,11045353698,11.05,261,56150,20608,17679,20046,23100,18240,20845,24034,s3://human-pangenomics/working/HPRC/NA18747/raw_data/PacBio_HiFi/deepconsensus/v1pt2/NA18747.m64076_221001_041132.dc.q20.fastq.gz,HPRC_DEEPCONSENSUS_v1pt2_2023_08_q20,unaligned reads,,3.56,
NA18971,SRR26545312,SRP305758,PRJNA701308,SAMN33621961,NA18971_lib1_dc,PacBio HiFi sequencing of NA18971 rebasecalled with DeepConsensus v1.2,WGS,GENOMIC,size fractionation,single,PACBIO_SMRT,Sequel II,HiFi sequencing of 20kb fractionated gDNA,fastq,Megaruptor 1,SageELF,deepconsensus,1.2,P2,C2,Washington University,tgraves@wustl.edu,NA18971.m64043_220701_181144.dc.q20.fastq.gz,1881896,39097735609,39.1,71,67714,20775,18056,20311,23018,18626,20996,23871,s3://human-pangenomics/working/HPRC/NA18971/raw_data/PacBio_HiFi/deepconsensus/v1pt2/NA18971.m64043_220701_181144.dc.q20.fastq.gz,HPRC_DEEPCONSENSUS_v1pt2_2023_08_q20,unaligned reads,,12.61,
NA18971,SRR26545312,SRP305758,PRJNA701308,SAMN33621961,NA18971_lib1_dc,PacBio HiFi sequencing of NA18971 rebasecalled with DeepConsensus v1.2,WGS,GENOMIC,size fractionation,single,PACBIO_SMRT,Sequel II,HiFi sequencing of 20kb fractionated gDNA,fastq,Megaruptor 1,SageELF,deepconsensus,1.2,P2,C2,Washington University,tgraves@wustl.edu,NA18971.m64043_220703_150718.dc.q20.fastq.gz,1809594,37513233912,37.51,268,66060,20730,18009,20266,22971,18584,20950,23829,s3://human-pangenomics/working/HPRC/NA18971/raw_data/PacBio_HiFi/deepconsensus/v1pt2/NA18971.m64043_220703_150718.dc.q20.fastq.gz,HPRC_DEEPCONSENSUS_v1pt2_2023_08_q20,unaligned reads,,12.1,
NA18971,SRR26545312,SRP305758,PRJNA701308,SAMN33621961,NA18971_lib1_dc,PacBio HiFi sequencing of NA18971 rebasecalled with DeepConsensus v1.2,WGS,GENOMIC,size fractionation,single,PACBIO_SMRT,Sequel II,HiFi sequencing of 20kb fractionated gDNA,fastq,Megaruptor 1,SageELF,deepconsensus,1.2,P2,C2,Washington University,tgraves@wustl.edu,NA18971.m64043_220705_120954.dc.q20.fastq.gz,1830361,38145066508,38.15,249,68021,20840,18099,20367,23095,18670,21059,23954,s3://human-pangenomics/working/HPRC/NA18971/raw_data/PacBio_HiFi/deepconsensus/v1pt2/NA18971.m64043_220705_120954.dc.q20.fastq.gz,HPRC_DEEPCONSENSUS_v1pt2_2023_08_q20,unaligned reads,,12.3,
NA18971,SRR26545312,SRP305758,PRJNA701308,SAMN33621961,NA18971_lib1_dc,PacBio HiFi sequencing of NA18971 rebasecalled with DeepConsensus v1.2,WGS,GENOMIC,size fractionation,single,PACBIO_SMRT,Sequel II,HiFi sequencing of 20kb fractionated gDNA,fastq,Megaruptor 1,SageELF,deepconsensus,1.2,P2,C2,Washington University,tgraves@wustl.edu,NA18971.m64043_220728_173215.dc.q20.fastq.gz,834762,13417983575,13.42,852,41507,16074,14717,15930,17261,14930,16162,17526,s3://human-pangenomics/working/HPRC/NA18971/raw_data/PacBio_HiFi/deepconsensus/v1pt2/NA18971.m64043_220728_173215.dc.q20.fastq.gz,HPRC_DEEPCONSENSUS_v1pt2_2023_08_q20,unaligned reads,,4.33,
NA18983,SRR26545311,SRP305758,PRJNA701308,SAMN33758798,PG18983.HFSS2_dc,PacBio HiFi sequencing of NA18983 rebasecalled with DeepConsensus v1.2,WGS,GENOMIC,size fractionation,single,PACBIO_SMRT,Sequel II,HiFi sequencing of 20kb fractionated gDNA,fastq,Megaruptor 1,SageELF,deepconsensus,1.2,P2,C2,Washington University,tgraves@wustl.edu,NA18983.m64457e_220902_165459.dc.q20.fastq.gz,2420594,51186272600,51.19,34,76258,21146,18005,20525,23772,18627,21417,24804,s3://human-pangenomics/working/HPRC/NA18983/raw_data/PacBio_HiFi/deepconsensus/v1pt2/NA18983.m64457e_220902_165459.dc.q20.fastq.gz,HPRC_DEEPCONSENSUS_v1pt2_2023_08_q20,unaligned reads,,16.51,
NA18983,SRR26545311,SRP305758,PRJNA701308,SAMN33758798,PG18983.HFSS2_dc,PacBio HiFi sequencing of NA18983 rebasecalled with DeepConsensus v1.2,WGS,GENOMIC,size fractionation,single,PACBIO_SMRT,Sequel II,HiFi sequencing of 20kb fractionated gDNA,fastq,Megaruptor 1,SageELF,deepconsensus,1.2,P2,C2,Washington University,tgraves@wustl.edu,NA18983.m64457e_220904_135104.dc.q20.fastq.gz,2309378,49331386607,49.33,306,81056,21361,18152,20764,24069,18810,21684,25111,s3://human-pangenomics/working/HPRC/NA18983/raw_data/PacBio_HiFi/deepconsensus/v1pt2/NA18983.m64457e_220904_135104.dc.q20.fastq.gz,HPRC_DEEPCONSENSUS_v1pt2_2023_08_q20,unaligned reads,,15.91,
NA18983,SRR26545311,SRP305758,PRJNA701308,SAMN33758798,PG18983.HFSS2_dc,PacBio HiFi sequencing of NA18983 rebasecalled with DeepConsensus v1.2,WGS,GENOMIC,size fractionation,single,PACBIO_SMRT,Sequel II,HiFi sequencing of 20kb fractionated gDNA,fastq,Megaruptor 1,SageELF,deepconsensus,1.2,P2,C2,Washington University,tgraves@wustl.edu,NA18983.m64457e_220906_104717.dc.q20.fastq.gz,2411520,50447860405,50.45,93,67640,20919,17801,20258,23491,18402,21142,24541,s3://human-pangenomics/working/HPRC/NA18983/raw_data/PacBio_HiFi/deepconsensus/v1pt2/NA18983.m64457e_220906_104717.dc.q20.fastq.gz,HPRC_DEEPCONSENSUS_v1pt2_2023_08_q20,unaligned reads,,16.27,
NA19043,SRR26545310,SRP305758,PRJNA701308,SAMN33758799,PG19043.HFSS_dc,PacBio HiFi sequencing of NA19043 rebasecalled with DeepConsensus v1.2,WGS,GENOMIC,size fractionation,single,PACBIO_SMRT,Sequel II,HiFi sequencing of 20kb fractionated gDNA,fastq,Megaruptor 1,SageELF,deepconsensus,1.2,P2,C2,Washington University,tgraves@wustl.edu,NA19043.m54329U_220916_162216.dc.q20.fastq.gz,2389655,50925680464,50.93,87,69336,21310,17826,20542,24138,18574,21618,25465,s3://human-pangenomics/working/HPRC/NA19043/raw_data/PacBio_HiFi/deepconsensus/v1pt2/NA19043.m54329U_220916_162216.dc.q20.fastq.gz,HPRC_DEEPCONSENSUS_v1pt2_2023_08_q20,unaligned reads,,16.43,
NA19043,SRR26545310,SRP305758,PRJNA701308,SAMN33758799,PG19043.HFSS_dc,PacBio HiFi sequencing of NA19043 rebasecalled with DeepConsensus v1.2,WGS,GENOMIC,size fractionation,single,PACBIO_SMRT,Sequel II,HiFi sequencing of 20kb fractionated gDNA,fastq,Megaruptor 1,SageELF,deepconsensus,1.2,P2,C2,Washington University,tgraves@wustl.edu,NA19043.m54329U_220918_114340.dc.q20.fastq.gz,2316125,48707102911,48.71,91,69418,21029,17607,20246,23775,18330,21301,25103,s3://human-pangenomics/working/HPRC/NA19043/raw_data/PacBio_HiFi/deepconsensus/v1pt2/NA19043.m54329U_220918_114340.dc.q20.fastq.gz,HPRC_DEEPCONSENSUS_v1pt2_2023_08_q20,unaligned reads,,15.71,
NA19043,SRR26545310,SRP305758,PRJNA701308,SAMN33758799,PG19043.HFSS_dc,PacBio HiFi sequencing of NA19043 rebasecalled with DeepConsensus v1.2,WGS,GENOMIC,size fractionation,single,PACBIO_SMRT,Sequel II,HiFi sequencing of 20kb fractionated gDNA,fastq,Megaruptor 1,SageELF,deepconsensus,1.2,P2,C2,Washington University,tgraves@wustl.edu,NA19043.m54329U_220920_065703.dc.q20.fastq.gz,2391163,50490598694,50.49,210,87309,21115,17664,20329,23894,18394,21404,25224,s3://human-pangenomics/working/HPRC/NA19043/raw_data/PacBio_HiFi/deepconsensus/v1pt2/NA19043.m54329U_220920_065703.dc.q20.fastq.gz,HPRC_DEEPCONSENSUS_v1pt2_2023_08_q20,unaligned reads,,16.29,
NA19087,SRR30729238,SRP305758,PRJNA701308,SAMN37797087,NA19087_PB1_dc_m54306Ue_220902_172744,PacBio HiFi sequencing of NA19087 rebasecalled with DeepConsensus v1.2,WGS,GENOMIC,size fractionation,single,PACBIO_SMRT,Sequel II,HiFi sequencing of 20kb fractionated gDNA,fastq,Megaruptor 3,Pippin HT,deepconsensus,1.2,P2,C2,Rockefeller University,vgl-lab@rockefeller.edu,NA19087.m54306Ue_220902_172744.dc.q20.fastq.gz,2483299,51331249075,51.33,176,98015,20670,16840,19380,23226,17597,20669,25211,s3://human-pangenomics/working/HPRC/NA19087/raw_data/PacBio_HiFi/deepconsensus/v1pt2/NA19087.m54306Ue_220902_172744.dc.q20.fastq.gz,HPRC_DEEPCONSENSUS_v1pt2_2024_02_q20_re-run,unaligned reads,,16.56,0.57321
NA19087,SRR30729237,SRP305758,PRJNA701308,SAMN37797087,NA19087_PB1_dc_m64055e_220911_090142,PacBio HiFi sequencing of NA19087 rebasecalled with DeepConsensus v1.2,WGS,GENOMIC,size fractionation,single,PACBIO_SMRT,Sequel II,HiFi sequencing of 20kb fractionated gDNA,fastq,Megaruptor 3,Pippin HT,deepconsensus,1.2,P2,C2,Rockefeller University,vgl-lab@rockefeller.edu,NA19087.m64055e_220911_090142.dc.q20.fastq.gz,2214113,46954484599,46.95,151,89703,21206,17176,19917,23958,18005,21306,25975,s3://human-pangenomics/working/HPRC/NA19087/raw_data/PacBio_HiFi/deepconsensus/v1pt2/NA19087.m64055e_220911_090142.dc.q20.fastq.gz,HPRC_DEEPCONSENSUS_v1pt2_2024_02_q20_re-run,unaligned reads,,15.15,0.576835
NA19087,SRR30729239,SRP305758,PRJNA701308,SAMN37797087,NA19087_PB1_dc_m64055e_220913_060032,PacBio HiFi sequencing of NA19087 rebasecalled with DeepConsensus v1.2,WGS,GENOMIC,size fractionation,single,PACBIO_SMRT,Sequel II,HiFi sequencing of 20kb fractionated gDNA,fastq,Megaruptor 3,Pippin HT,deepconsensus,1.2,P2,C2,Rockefeller University,vgl-lab@rockefeller.edu,NA19087.m64055e_220913_060032.dc.q20.fastq.gz,2431655,51290386004,51.29,212,95076,21092,17095,19792,23805,17909,21171,25824,s3://human-pangenomics/working/HPRC/NA19087/raw_data/PacBio_HiFi/deepconsensus/v1pt2/NA19087.m64055e_220913_060032.dc.q20.fastq.gz,HPRC_DEEPCONSENSUS_v1pt2_2024_02_q20_re-run,unaligned reads,,16.55,0.562432
NA19159,SRR30729236,SRP305758,PRJNA701308,SAMN37797089,NA19159_PB1_dc_m54306Ue_220907_175549,PacBio HiFi sequencing of NA19159 rebasecalled with DeepConsensus v1.2,WGS,GENOMIC,size fractionation,single,PACBIO_SMRT,Sequel II,HiFi sequencing of 20kb fractionated gDNA,fastq,Megaruptor 3,Pippin HT,deepconsensus,1.2,P2,C2,Rockefeller University,vgl-lab@rockefeller.edu,NA19159.m54306Ue_220907_175549.dc.q20.fastq.gz,2297814,54427957685,54.43,115,77885,23686,18983,22383,27123,20056,24079,29347,s3://human-pangenomics/working/HPRC/NA19159/raw_data/PacBio_HiFi/deepconsensus/v1pt2/NA19159.m54306Ue_220907_175549.dc.q20.fastq.gz,HPRC_DEEPCONSENSUS_v1pt2_2024_02_q20_re-run,unaligned reads,,17.56,0.543783
NA19159,SRR30729215,SRP305758,PRJNA701308,SAMN37797089,NA19159_PB1_dc_m64330e_220902_175209,PacBio HiFi sequencing of NA19159 rebasecalled with DeepConsensus v1.2,WGS,GENOMIC,size fractionation,single,PACBIO_SMRT,Sequel II,HiFi sequencing of 20kb fractionated gDNA,fastq,Megaruptor 3,Pippin HT,deepconsensus,1.2,P2,C2,Rockefeller University,vgl-lab@rockefeller.edu,NA19159.m64330e_220902_175209.dc.q20.fastq.gz,2341155,53100803000,53.1,124,77596,22681,18360,21333,25680,19241,22819,27814,s3://human-pangenomics/working/HPRC/NA19159/raw_data/PacBio_HiFi/deepconsensus/v1pt2/NA19159.m64330e_220902_175209.dc.q20.fastq.gz,HPRC_DEEPCONSENSUS_v1pt2_2024_02_q20_re-run,unaligned reads,,17.13,0.551258
NA19185,SRR30729214,SRP305758,PRJNA701308,SAMN37797090,NA19185_PB1_dc_m64055e_220902_174345,PacBio HiFi sequencing of NA19185 rebasecalled with DeepConsensus v1.2,WGS,GENOMIC,size fractionation,single,PACBIO_SMRT,Sequel II,HiFi sequencing of 20kb fractionated gDNA,fastq,Megaruptor 3,Pippin HT,deepconsensus,1.2,P2,C2,Rockefeller University,vgl-lab@rockefeller.edu,NA19185.m64055e_220902_174345.dc.q20.fastq.gz,2503300,52664544725,52.66,93,81212,21038,17084,19882,23860,17945,21249,25784,s3://human-pangenomics/working/HPRC/NA19185/raw_data/PacBio_HiFi/deepconsensus/v1pt2/NA19185.m64055e_220902_174345.dc.q20.fastq.gz,HPRC_DEEPCONSENSUS_v1pt2_2024_02_q20_re-run,unaligned reads,,16.99,0.559086
NA19185,SRR30729212,SRP305758,PRJNA701308,SAMN37797090,NA19185_PB1_dc_m64055e_220907_174608,PacBio HiFi sequencing of NA19185 rebasecalled with DeepConsensus v1.2,WGS,GENOMIC,size fractionation,single,PACBIO_SMRT,Sequel II,HiFi sequencing of 20kb fractionated gDNA,fastq,Megaruptor 3,Pippin HT,deepconsensus,1.2,P2,C2,Rockefeller University,vgl-lab@rockefeller.edu,NA19185.m64055e_220907_174608.dc.q20.fastq.gz,2417011,52088015775,52.09,93,79345,21550,17415,20400,24563,18358,21863,26542,s3://human-pangenomics/working/HPRC/NA19185/raw_data/PacBio_HiFi/deepconsensus/v1pt2/NA19185.m64055e_220907_174608.dc.q20.fastq.gz,HPRC_DEEPCONSENSUS_v1pt2_2024_02_q20_re-run,unaligned reads,,16.8,0.570134
NA19185,SRR30729213,SRP305758,PRJNA701308,SAMN37797090,NA19185_PB1_dc_m64055e_220909_131447,PacBio HiFi sequencing of NA19185 rebasecalled with DeepConsensus v1.2,WGS,GENOMIC,size fractionation,single,PACBIO_SMRT,Sequel II,HiFi sequencing of 20kb fractionated gDNA,fastq,Megaruptor 3,Pippin HT,deepconsensus,1.2,P2,C2,Rockefeller University,vgl-lab@rockefeller.edu,NA19185.m64055e_220909_131447.dc.q20.fastq.gz,2597391,55743275723,55.74,141,82930,21461,17326,20296,24485,18262,21778,26469,s3://human-pangenomics/working/HPRC/NA19185/raw_data/PacBio_HiFi/deepconsensus/v1pt2/NA19185.m64055e_220909_131447.dc.q20.fastq.gz,HPRC_DEEPCONSENSUS_v1pt2_2024_02_q20_re-run,unaligned reads,,17.98,0.567951
NA19338,SRR30729159,SRP305758,PRJNA701308,SAMN37797091,NA19338_PB1_dc_m54306Ue_220722_175158,PacBio HiFi sequencing of NA19338 rebasecalled with DeepConsensus v1.2,WGS,GENOMIC,size fractionation,single,PACBIO_SMRT,Sequel II,HiFi sequencing of 20kb fractionated gDNA,fastq,Megaruptor 3,Pippin HT,deepconsensus,1.2,P2,C2,Rockefeller University,vgl-lab@rockefeller.edu,NA19338.m54306Ue_220722_175158.dc.q20.fastq.gz,2002084,46529580879,46.53,144,77484,23240,17253,21746,27589,19251,24494,31004,s3://human-pangenomics/working/HPRC/NA19338/raw_data/PacBio_HiFi/deepconsensus/v1pt2/NA19338.m54306Ue_220722_175158.dc.q20.fastq.gz,HPRC_DEEPCONSENSUS_v1pt2_2024_02_q20_re-run,unaligned reads,,15.01,0.551678
NA19338,SRR30729210,SRP305758,PRJNA701308,SAMN37797091,NA19338_PB1_dc_m64055e_220729_170145,PacBio HiFi sequencing of NA19338 rebasecalled with DeepConsensus v1.2,WGS,GENOMIC,size fractionation,single,PACBIO_SMRT,Sequel II,HiFi sequencing of 20kb fractionated gDNA,fastq,Megaruptor 3,Pippin HT,deepconsensus,1.2,P2,C2,Rockefeller University,vgl-lab@rockefeller.edu,NA19338.m64055e_220729_170145.dc.q20.fastq.gz,1699449,41303425574,41.3,94,80932,24304,18067,22876,28961,20249,25735,32416,s3://human-pangenomics/working/HPRC/NA19338/raw_data/PacBio_HiFi/deepconsensus/v1pt2/NA19338.m64055e_220729_170145.dc.q20.fastq.gz,HPRC_DEEPCONSENSUS_v1pt2_2024_02_q20_re-run,unaligned reads,,13.32,0.570316
NA19338,SRR30729158,SRP305758,PRJNA701308,SAMN37797091,NA19338_PB1_dc_m64055e_220731_124800,PacBio HiFi sequencing of NA19338 rebasecalled with DeepConsensus v1.2,WGS,GENOMIC,size fractionation,single,PACBIO_SMRT,Sequel II,HiFi sequencing of 20kb fractionated gDNA,fastq,Megaruptor 3,Pippin HT,deepconsensus,1.2,P2,C2,Rockefeller University,vgl-lab@rockefeller.edu,NA19338.m64055e_220731_124800.dc.q20.fastq.gz,1846665,44668874442,44.67,79,92517,24188,17983,22780,28808,20154,25609,32221,s3://human-pangenomics/working/HPRC/NA19338/raw_data/PacBio_HiFi/deepconsensus/v1pt2/NA19338.m64055e_220731_124800.dc.q20.fastq.gz,HPRC_DEEPCONSENSUS_v1pt2_2024_02_q20_re-run,unaligned reads,,14.41,0.551139
NA19391,SRR30729208,SRP305758,PRJNA701308,SAMN37797092,NA19391_PB1_dc_m54306Ue_220815_144205,PacBio HiFi sequencing of NA19391 rebasecalled with DeepConsensus v1.2,WGS,GENOMIC,size fractionation,single,PACBIO_SMRT,Sequel II,HiFi sequencing of 20kb fractionated gDNA,fastq,Megaruptor 3,Pippin HT,deepconsensus,1.2,P2,C2,Rockefeller University,vgl-lab@rockefeller.edu,NA19391.m54306Ue_220815_144205.dc.q20.fastq.gz,2031817,44476888929,44.48,185,91374,21890,16958,20444,25279,18224,22411,27963,s3://human-pangenomics/working/HPRC/NA19391/raw_data/PacBio_HiFi/deepconsensus/v1pt2/NA19391.m54306Ue_220815_144205.dc.q20.fastq.gz,HPRC_DEEPCONSENSUS_v1pt2_2024_02_q20_re-run,unaligned reads,,14.35,0.563706
NA19391,SRR30729207,SRP305758,PRJNA701308,SAMN37797092,NA19391_PB1_dc_m64330e_220819_173115,PacBio HiFi sequencing of NA19391 rebasecalled with DeepConsensus v1.2,WGS,GENOMIC,size fractionation,single,PACBIO_SMRT,Sequel II,HiFi sequencing of 20kb fractionated gDNA,fastq,Megaruptor 3,Pippin HT,deepconsensus,1.2,P2,C2,Rockefeller University,vgl-lab@rockefeller.edu,NA19391.m64330e_220819_173115.dc.q20.fastq.gz,2075743,45079183414,45.08,101,80098,21717,16847,20287,25098,18088,22238,27719,s3://human-pangenomics/working/HPRC/NA19391/raw_data/PacBio_HiFi/deepconsensus/v1pt2/NA19391.m64330e_220819_173115.dc.q20.fastq.gz,HPRC_DEEPCONSENSUS_v1pt2_2024_02_q20_re-run,unaligned reads,,14.54,0.578011
NA19391,SRR30729209,SRP305758,PRJNA701308,SAMN37797092,NA19391_PB1_dc_m64334e_220819_174259,PacBio HiFi sequencing of NA19391 rebasecalled with DeepConsensus v1.2,WGS,GENOMIC,size fractionation,single,PACBIO_SMRT,Sequel II,HiFi sequencing of 20kb fractionated gDNA,fastq,Megaruptor 3,Pippin HT,deepconsensus,1.2,P2,C2,Rockefeller University,vgl-lab@rockefeller.edu,NA19391.m64334e_220819_174259.dc.q20.fastq.gz,1931166,43451028976,43.45,101,82588,22499,17484,21176,26086,18850,23166,28652,s3://human-pangenomics/working/HPRC/NA19391/raw_data/PacBio_HiFi/deepconsensus/v1pt2/NA19391.m64334e_220819_174259.dc.q20.fastq.gz,HPRC_DEEPCONSENSUS_v1pt2_2024_02_q20_re-run,unaligned reads,,14.02,0.56319
NA19468,SRR30729203,SRP305758,PRJNA701308,SAMN37797093,NA19468_PB1_dc_m54306Ue_220927_182256,PacBio HiFi sequencing of NA19468 rebasecalled with DeepConsensus v1.2,WGS,GENOMIC,size fractionation,single,PACBIO_SMRT,Sequel II,HiFi sequencing of 20kb fractionated gDNA,fastq,Megaruptor 3,Pippin HT,deepconsensus,1.2,P2,C2,Rockefeller University,vgl-lab@rockefeller.edu,NA19468.m54306Ue_220927_182256.dc.q20.fastq.gz,798905,20103053840,20.1,127,87156,25163,19431,23561,29253,20988,25928,32388,s3://human-pangenomics/working/HPRC/NA19468/raw_data/PacBio_HiFi/deepconsensus/v1pt2/NA19468.m54306Ue_220927_182256.dc.q20.fastq.gz,HPRC_DEEPCONSENSUS_v1pt2_2024_02_q20_re-run,unaligned reads,,6.48,0.617012
NA19468,SRR30729205,SRP305758,PRJNA701308,SAMN37797093,NA19468_PB1_dc_m64055e_220817_094430,PacBio HiFi sequencing of NA19468 rebasecalled with DeepConsensus v1.2,WGS,GENOMIC,size fractionation,single,PACBIO_SMRT,Sequel II,HiFi sequencing of 20kb fractionated gDNA,fastq,Megaruptor 3,Pippin HT,deepconsensus,1.2,P2,C2,Rockefeller University,vgl-lab@rockefeller.edu,NA19468.m64055e_220817_094430.dc.q20.fastq.gz,1721376,44280053881,44.28,209,88076,25723,19740,24047,30070,21393,26586,33417,s3://human-pangenomics/working/HPRC/NA19468/raw_data/PacBio_HiFi/deepconsensus/v1pt2/NA19468.m64055e_220817_094430.dc.q20.fastq.gz,HPRC_DEEPCONSENSUS_v1pt2_2024_02_q20_re-run,unaligned reads,,14.28,0.565723
NA19468,SRR30729206,SRP305758,PRJNA701308,SAMN37797093,NA19468_PB1_dc_m64055e_220819_064153,PacBio HiFi sequencing of NA19468 rebasecalled with DeepConsensus v1.2,WGS,GENOMIC,size fractionation,single,PACBIO_SMRT,Sequel II,HiFi sequencing of 20kb fractionated gDNA,fastq,Megaruptor 3,Pippin HT,deepconsensus,1.2,P2,C2,Rockefeller University,vgl-lab@rockefeller.edu,NA19468.m64055e_220819_064153.dc.q20.fastq.gz,1727975,45843912712,45.84,127,87709,26530,20326,24907,31128,22134,27555,34509,s3://human-pangenomics/working/HPRC/NA19468/raw_data/PacBio_HiFi/deepconsensus/v1pt2/NA19468.m64055e_220819_064153.dc.q20.fastq.gz,HPRC_DEEPCONSENSUS_v1pt2_2024_02_q20_re-run,unaligned reads,,14.79,0.564929
NA19468,SRR30729204,SRP305758,PRJNA701308,SAMN37797093,NA19468_PB1_dc_m64330e_220801_170711,PacBio HiFi sequencing of NA19468 rebasecalled with DeepConsensus v1.2,WGS,GENOMIC,size fractionation,single,PACBIO_SMRT,Sequel II,HiFi sequencing of 20kb fractionated gDNA,fastq,Megaruptor 3,Pippin HT,deepconsensus,1.2,P2,C2,Rockefeller University,vgl-lab@rockefeller.edu,NA19468.m64330e_220801_170711.dc.q20.fastq.gz,1755997,44181374551,44.18,192,90265,25160,19330,23401,29245,20867,25841,32644,s3://human-pangenomics/working/HPRC/NA19468/raw_data/PacBio_HiFi/deepconsensus/v1pt2/NA19468.m64330e_220801_170711.dc.q20.fastq.gz,HPRC_DEEPCONSENSUS_v1pt2_2024_02_q20_re-run,unaligned reads,,14.25,0.583784
NA20752,SRR26545309,SRP305758,PRJNA701308,SAMN33758800,PG20752.HFSS_dc,PacBio HiFi sequencing of NA20752 rebasecalled with DeepConsensus v1.2,WGS,GENOMIC,size fractionation,single,PACBIO_SMRT,Sequel II,HiFi sequencing of 20kb fractionated gDNA,fastq,Megaruptor 1,SageELF,deepconsensus,1.2,P2,C2,Washington University,tgraves@wustl.edu,NA20752.m64457e_220827_152226.dc.q20.fastq.gz,2654227,56497537713,56.5,118,69060,21285,18014,20585,23973,18658,21535,25099,s3://human-pangenomics/working/HPRC/NA20752/raw_data/PacBio_HiFi/deepconsensus/v1pt2/NA20752.m64457e_220827_152226.dc.q20.fastq.gz,HPRC_DEEPCONSENSUS_v1pt2_2023_08_q20,unaligned reads,,18.23,
NA20752,SRR26545309,SRP305758,PRJNA701308,SAMN33758800,PG20752.HFSS_dc,PacBio HiFi sequencing of NA20752 rebasecalled with DeepConsensus v1.2,WGS,GENOMIC,size fractionation,single,PACBIO_SMRT,Sequel II,HiFi sequencing of 20kb fractionated gDNA,fastq,Megaruptor 1,SageELF,deepconsensus,1.2,P2,C2,Washington University,tgraves@wustl.edu,NA20752.m64457e_220829_104034.dc.q20.fastq.gz,2628030,55420791871,55.42,217,65854,21088,17863,20364,23707,18481,21288,24835,s3://human-pangenomics/working/HPRC/NA20752/raw_data/PacBio_HiFi/deepconsensus/v1pt2/NA20752.m64457e_220829_104034.dc.q20.fastq.gz,HPRC_DEEPCONSENSUS_v1pt2_2023_08_q20,unaligned reads,,17.88,
NA20752,SRR26545309,SRP305758,PRJNA701308,SAMN33758800,PG20752.HFSS_dc,PacBio HiFi sequencing of NA20752 rebasecalled with DeepConsensus v1.2,WGS,GENOMIC,size fractionation,single,PACBIO_SMRT,Sequel II,HiFi sequencing of 20kb fractionated gDNA,fastq,Megaruptor 1,SageELF,deepconsensus,1.2,P2,C2,Washington University,tgraves@wustl.edu,NA20752.m64457e_220831_195843.dc.q20.fastq.gz,2410165,50576730141,50.58,93,62925,20984,17824,20273,23534,18425,21166,24637,s3://human-pangenomics/working/HPRC/NA20752/raw_data/PacBio_HiFi/deepconsensus/v1pt2/NA20752.m64457e_220831_195843.dc.q20.fastq.gz,HPRC_DEEPCONSENSUS_v1pt2_2023_08_q20,unaligned reads,,16.32,
NA20799,SRR30729199,SRP305758,PRJNA701308,SAMN37797094,NA20799_PB1_dc_m54306Ue_220920_181216,PacBio HiFi sequencing of NA20799 rebasecalled with DeepConsensus v1.2,WGS,GENOMIC,size fractionation,single,PACBIO_SMRT,Sequel II,HiFi sequencing of 20kb fractionated gDNA,fastq,Megaruptor 3,Pippin HT,deepconsensus,1.2,P2,C2,Rockefeller University,vgl-lab@rockefeller.edu,NA20799.m54306Ue_220920_181216.dc.q20.fastq.gz,1826068,42288525254,42.29,119,89348,23158,18214,21868,26771,19495,23774,29189,s3://human-pangenomics/working/HPRC/NA20799/raw_data/PacBio_HiFi/deepconsensus/v1pt2/NA20799.m54306Ue_220920_181216.dc.q20.fastq.gz,HPRC_DEEPCONSENSUS_v1pt2_2024_02_q20_re-run,unaligned reads,,13.64,0.559694
NA20799,SRR30729201,SRP305758,PRJNA701308,SAMN37797094,NA20799_PB1_dc_m54306Ue_220922_132103,PacBio HiFi sequencing of NA20799 rebasecalled with DeepConsensus v1.2,WGS,GENOMIC,size fractionation,single,PACBIO_SMRT,Sequel II,HiFi sequencing of 20kb fractionated gDNA,fastq,Megaruptor 3,Pippin HT,deepconsensus,1.2,P2,C2,Rockefeller University,vgl-lab@rockefeller.edu,NA20799.m54306Ue_220922_132103.dc.q20.fastq.gz,1748084,40433525950,40.43,273,91305,23130,18183,21844,26765,19473,23762,29189,s3://human-pangenomics/working/HPRC/NA20799/raw_data/PacBio_HiFi/deepconsensus/v1pt2/NA20799.m54306Ue_220922_132103.dc.q20.fastq.gz,HPRC_DEEPCONSENSUS_v1pt2_2024_02_q20_re-run,unaligned reads,,13.04,0.541887
NA20799,SRR30729202,SRP305758,PRJNA701308,SAMN37797094,NA20799_PB1_dc_m64330e_220915_165522,PacBio HiFi sequencing of NA20799 rebasecalled with DeepConsensus v1.2,WGS,GENOMIC,size fractionation,single,PACBIO_SMRT,Sequel II,HiFi sequencing of 20kb fractionated gDNA,fastq,Megaruptor 3,Pippin HT,deepconsensus,1.2,P2,C2,Rockefeller University,vgl-lab@rockefeller.edu,NA20799.m64330e_220915_165522.dc.q20.fastq.gz,1838237,40995648327,41,165,86677,22301,17593,20902,25594,18709,22688,28047,s3://human-pangenomics/working/HPRC/NA20799/raw_data/PacBio_HiFi/deepconsensus/v1pt2/NA20799.m64330e_220915_165522.dc.q20.fastq.gz,HPRC_DEEPCONSENSUS_v1pt2_2024_02_q20_re-run,unaligned reads,,13.23,0.540389
NA20805,SRR26545308,SRP305758,PRJNA701308,SAMN33621962,NA20805_lib1_dc,PacBio HiFi sequencing of NA20805 rebasecalled with DeepConsensus v1.2,WGS,GENOMIC,size fractionation,single,PACBIO_SMRT,Sequel II,HiFi sequencing of 20kb fractionated gDNA,fastq,Megaruptor 1,SageELF,deepconsensus,1.2,P2,C2,Washington University,tgraves@wustl.edu,NA20805.m64136_220726_203708.dc.q20.fastq.gz,2103074,43466891933,43.47,203,66651,20668,18927,20459,22216,19193,20760,22574,s3://human-pangenomics/working/HPRC/NA20805/raw_data/PacBio_HiFi/deepconsensus/v1pt2/NA20805.m64136_220726_203708.dc.q20.fastq.gz,HPRC_DEEPCONSENSUS_v1pt2_2023_08_q20,unaligned reads,,14.02,
NA20805,SRR26545308,SRP305758,PRJNA701308,SAMN33621962,NA20805_lib1_dc,PacBio HiFi sequencing of NA20805 rebasecalled with DeepConsensus v1.2,WGS,GENOMIC,size fractionation,single,PACBIO_SMRT,Sequel II,HiFi sequencing of 20kb fractionated gDNA,fastq,Megaruptor 1,SageELF,deepconsensus,1.2,P2,C2,Washington University,tgraves@wustl.edu,NA20805.m64136_220728_160902.dc.q20.fastq.gz,2218413,45913998332,45.91,41,69125,20696,18948,20486,22243,19217,20787,22600,s3://human-pangenomics/working/HPRC/NA20805/raw_data/PacBio_HiFi/deepconsensus/v1pt2/NA20805.m64136_220728_160902.dc.q20.fastq.gz,HPRC_DEEPCONSENSUS_v1pt2_2023_08_q20,unaligned reads,,14.81,
NA20805,SRR26545308,SRP305758,PRJNA701308,SAMN33621962,NA20805_lib1_dc,PacBio HiFi sequencing of NA20805 rebasecalled with DeepConsensus v1.2,WGS,GENOMIC,size fractionation,single,PACBIO_SMRT,Sequel II,HiFi sequencing of 20kb fractionated gDNA,fastq,Megaruptor 1,SageELF,deepconsensus,1.2,P2,C2,Washington University,tgraves@wustl.edu,NA20805.m64136_220730_113921.dc.q20.fastq.gz,2213142,45800547928,45.8,61,73183,20694,18948,20482,22238,19214,20782,22595,s3://human-pangenomics/working/HPRC/NA20805/raw_data/PacBio_HiFi/deepconsensus/v1pt2/NA20805.m64136_220730_113921.dc.q20.fastq.gz,HPRC_DEEPCONSENSUS_v1pt2_2023_08_q20,unaligned reads,,14.77,
NA20905,SRR26545307,SRP305758,PRJNA701308,SAMN33758801,PG20905.HFSS_dc,PacBio HiFi sequencing of NA20905 rebasecalled with DeepConsensus v1.2,WGS,GENOMIC,size fractionation,single,PACBIO_SMRT,Sequel II,HiFi sequencing of 20kb fractionated gDNA,fastq,Megaruptor 1,SageELF,deepconsensus,1.2,P2,C2,Washington University,tgraves@wustl.edu,NA20905.m64076_220914_214248.dc.q20.fastq.gz,2492570,51048888164,51.05,103,70280,20480,17106,19854,23313,17882,20905,24496,s3://human-pangenomics/working/HPRC/NA20905/raw_data/PacBio_HiFi/deepconsensus/v1pt2/NA20905.m64076_220914_214248.dc.q20.fastq.gz,HPRC_DEEPCONSENSUS_v1pt2_2023_08_q20,unaligned reads,,16.47,
NA20905,SRR26545307,SRP305758,PRJNA701308,SAMN33758801,PG20905.HFSS_dc,PacBio HiFi sequencing of NA20905 rebasecalled with DeepConsensus v1.2,WGS,GENOMIC,size fractionation,single,PACBIO_SMRT,Sequel II,HiFi sequencing of 20kb fractionated gDNA,fastq,Megaruptor 1,SageELF,deepconsensus,1.2,P2,C2,Washington University,tgraves@wustl.edu,NA20905.m64076_220916_183810.dc.q20.fastq.gz,2533646,50138285736,50.14,31,65430,19788,16519,19074,22434,17218,20086,23663,s3://human-pangenomics/working/HPRC/NA20905/raw_data/PacBio_HiFi/deepconsensus/v1pt2/NA20905.m64076_220916_183810.dc.q20.fastq.gz,HPRC_DEEPCONSENSUS_v1pt2_2023_08_q20,unaligned reads,,16.17,
NA20905,SRR26545307,SRP305758,PRJNA701308,SAMN33758801,PG20905.HFSS_dc,PacBio HiFi sequencing of NA20905 rebasecalled with DeepConsensus v1.2,WGS,GENOMIC,size fractionation,single,PACBIO_SMRT,Sequel II,HiFi sequencing of 20kb fractionated gDNA,fastq,Megaruptor 1,SageELF,deepconsensus,1.2,P2,C2,Washington University,tgraves@wustl.edu,NA20905.m64076_220918_143117.dc.q20.fastq.gz,2559946,50753646069,50.75,76,69147,19826,16544,19114,22486,17251,20134,23719,s3://human-pangenomics/working/HPRC/NA20905/raw_data/PacBio_HiFi/deepconsensus/v1pt2/NA20905.m64076_220918_143117.dc.q20.fastq.gz,HPRC_DEEPCONSENSUS_v1pt2_2023_08_q20,unaligned reads,,16.37,